56.7241 212 212 2 2 3
56.7149 212.135 212.135 2 2 3
56.7103 212.202 212.202 2 2 3
56.7057 212.269 212.269 2 2 3
56.7011 212.337 212.337 2 2 3
56.6964 212.404 212.404 2 2 3
56.6918 212.471 212.471 2 2 3
56.6871 212.539 212.539 2 2 3
56.6824 212.606 212.606 2 2 3
56.6778 212.674 212.674 2 2 3
56.6731 212.741 212.741 2 2 3
56.6684 212.809 212.809 2 2 3
56.6637 212.876 212.876 2 2 3
56.659 212.944 212.944 2 2 3
56.6543 213.011 213.011 2 2 3
56.6496 213.079 213.079 2 2 3
56.6448 213.146 213.146 2 2 3
56.6401 213.214 213.214 2 2 3
56.6353 213.281 213.281 2 2 3
56.6306 213.349 213.349 2 2 3
56.6258 213.417 213.417 2 2 3
56.621 213.484 213.484 2 2 3
56.6163 213.552 213.552 2 2 3
56.6115 213.62 213.62 2 2 3
56.6067 213.687 213.687 2 2 3
56.6019 213.755 213.755 2 2 3
56.597 213.823 213.823 2 2 3
56.5922 213.89 213.89 2 2 3
56.5874 213.958 213.958 2 2 3
56.5825 214.026 214.026 2 2 3
56.5777 214.094 214.094 2 2 3
56.5728 214.161 214.161 2 2 3
56.5679 214.229 214.229 2 2 3
56.5631 214.297 214.297 2 2 3
56.5582 214.365 214.365 2 2 3
56.5533 214.433 214.433 2 2 3
56.5484 214.5 214.5 2 2 3
56.5435 214.568 214.568 2 2 3
56.5386 214.636 214.636 2 2 3
56.5336 214.704 214.704 2 2 3
56.5287 214.772 214.772 2 2 3
56.5237 214.84 214.84 2 2 3
56.5188 214.908 214.908 2 2 3
56.5138 214.976 214.976 2 2 3
56.5089 215.044 215.044 2 2 3
56.5039 215.112 215.112 2 2 3
56.4989 215.18 215.18 2 2 3
56.4939 215.248 215.248 2 2 3
56.4889 215.316 215.316 2 2 3
56.4839 215.384 215.384 2 2 3
56.4788 215.452 215.452 2 2 3
56.4738 215.52 215.52 2 2 3
56.4688 215.588 215.588 2 2 3
56.4637 215.656 215.656 2 2 3
56.4587 215.724 215.724 2 2 3
56.4536 215.792 215.792 2 2 3
56.4485 215.86 215.86 2 2 3
56.4434 215.929 215.929 2 2 3
56.4383 215.997 215.997 2 2 3
56.4332 216.065 216.065 2 2 3
56.4281 216.133 216.133 2 2 3
56.423 216.201 216.201 2 2 3
56.4179 216.27 216.27 2 2 3
56.4128 216.338 216.338 2 2 3
56.4076 216.406 216.406 2 2 3
56.4025 216.474 216.474 2 2 3
56.3973 216.543 216.543 2 2 3
56.3921 216.611 216.611 2 2 3
56.3869 216.679 216.679 2 2 3
56.3818 216.748 216.748 2 2 3
56.3766 216.816 216.816 2 2 3
56.3714 216.884 216.884 2 2 3
56.3661 216.953 216.953 2 2 3
56.3609 217.021 217.021 2 2 3
56.3557 217.089 217.089 2 2 3
56.3505 217.158 217.158 2 2 3
56.3452 217.226 217.226 2 2 3
56.3399 217.295 217.295 2 2 3
56.3347 217.363 217.363 2 2 3
56.3294 217.432 217.432 2 2 3
56.3241 217.5 217.5 2 2 3
56.3188 217.569 217.569 2 2 3
56.3135 217.637 217.637 2 2 3
56.3082 217.706 217.706 2 2 3
56.3029 217.774 217.774 2 2 3
56.2976 217.843 217.843 2 2 3
56.2922 217.911 217.911 2 2 3
56.2869 217.98 217.98 2 2 3
56.2815 218.049 218.049 2 2 3
56.2762 218.117 218.117 2 2 3
56.2708 218.186 218.186 2 2 3
56.2654 218.255 218.255 2 2 3
56.2601 218.323 218.323 2 2 3
56.2547 218.392 218.392 2 2 3
56.2493 218.461 218.461 2 2 3
56.2438 218.529 218.529 2 2 3
56.2384 218.598 218.598 2 2 3
56.233 218.667 218.667 2 2 3
56.2275 218.736 218.736 2 2 3
56.2221 218.804 218.804 2 2 3
56.2166 218.873 218.873 2 2 3
56.2112 218.942 218.942 2 2 3
56.2057 219.011 219.011 2 2 3
56.2002 219.08 219.08 2 2 3
56.1947 219.149 219.149 2 2 3
56.1892 219.217 219.217 2 2 3
56.1837 219.286 219.286 2 2 3
56.1782 219.355 219.355 2 2 3
56.1727 219.424 219.424 2 2 3
56.1671 219.493 219.493 2 2 3
56.1616 219.562 219.562 2 2 3
56.156 219.631 219.631 2 2 3
56.1505 219.7 219.7 2 2 3
56.1449 219.769 219.769 2 2 3
56.1393 219.838 219.838 2 2 3
56.1337 219.907 219.907 2 2 3
56.1281 219.976 219.976 2 2 3
56.1225 220.045 220.045 2 2 3
56.1169 220.114 220.114 2 2 3
56.1113 220.183 220.183 2 2 3
56.1057 220.252 220.252 2 2 3
56.1 220.321 220.321 2 2 3
56.0944 220.39 220.39 2 2 3
56.0887 220.46 220.46 2 2 3
56.083 220.529 220.529 2 2 3
56.0774 220.598 220.598 2 2 3
56.0717 220.667 220.667 2 2 3
56.066 220.736 220.736 2 2 3
56.0603 220.805 220.805 2 2 3
56.0546 220.875 220.875 2 2 3
56.0488 220.944 220.944 2 2 3
56.0431 221.013 221.013 2 2 3
56.0374 221.082 221.082 2 2 3
56.0316 221.152 221.152 2 2 3
56.0259 221.221 221.221 2 2 3
56.0201 221.29 221.29 2 2 3
56.0143 221.36 221.36 2 2 3
56.0086 221.429 221.429 2 2 3
56.0028 221.498 221.498 2 2 3
55.997 221.568 221.568 2 2 3
55.9912 221.637 221.637 2 2 3
55.9853 221.707 221.707 2 2 3
55.9795 221.776 221.776 2 2 3
55.9737 221.845 221.845 2 2 3
55.9678 221.915 221.915 2 2 3
55.962 221.984 221.984 2 2 3
55.9561 222.054 222.054 2 2 3
55.9502 222.123 222.123 2 2 3
55.9444 222.193 222.193 2 2 3
55.9385 222.262 222.262 2 2 3
55.9326 222.332 222.332 2 2 3
55.9267 222.401 222.401 2 2 3
55.9208 222.471 222.471 2 2 3
55.9148 222.541 222.541 2 2 3
55.9089 222.61 222.61 2 2 3
55.903 222.68 222.68 2 2 3
55.897 222.749 222.749 2 2 3
55.891 222.819 222.819 2 2 3
55.8851 222.889 222.889 2 2 3
55.8791 222.958 222.958 2 2 3
55.8731 223.028 223.028 2 2 3
55.8671 223.098 223.098 2 2 3
55.8611 223.168 223.168 2 2 3
55.8551 223.237 223.237 2 2 3
55.8491 223.307 223.307 2 2 3
55.843 223.377 223.377 2 2 3
55.837 223.447 223.447 2 2 3
55.831 223.516 223.516 2 2 3
55.8249 223.586 223.586 2 2 3
55.8188 223.656 223.656 2 2 3
55.8128 223.726 223.726 2 2 3
55.8067 223.796 223.796 2 2 3
55.8006 223.866 223.866 2 2 3
55.7945 223.936 223.936 2 2 3
55.7884 224.005 224.005 2 2 3
55.7822 224.075 224.075 2 2 3
55.7761 224.145 224.145 2 2 3
55.77 224.215 224.215 2 2 3
55.7638 224.285 224.285 2 2 3
55.7577 224.355 224.355 2 2 3
55.7515 224.425 224.425 2 2 3
55.7453 224.495 224.495 2 2 3
55.7391 224.565 224.565 2 2 3
55.733 224.635 224.635 2 2 3
55.7268 224.705 224.705 2 2 3
55.7205 224.775 224.775 2 2 3
55.7143 224.845 224.845 2 2 3
55.7081 224.916 224.916 2 2 3
55.7019 224.986 224.986 2 2 3
55.6956 225.056 225.056 2 2 3
55.6894 225.126 225.126 2 2 3
55.6831 225.196 225.196 2 2 3
55.6768 225.266 225.266 2 2 3
55.6705 225.336 225.336 2 2 3
55.6642 225.407 225.407 2 2 3
55.6579 225.477 225.477 2 2 3
55.6516 225.547 225.547 2 2 3
55.6453 225.617 225.617 2 2 3
55.639 225.688 225.688 2 2 3
55.6327 225.758 225.758 2 2 3
55.6263 225.828 225.828 2 2 3
55.62 225.899 225.899 2 2 3
55.6136 225.969 225.969 2 2 3
55.6072 226.039 226.039 2 2 3
55.6008 226.11 226.11 2 2 3
55.5944 226.18 226.18 2 2 3
55.588 226.25 226.25 2 2 3
55.5816 226.321 226.321 2 2 3
55.5752 226.391 226.391 2 2 3
55.5688 226.462 226.462 2 2 3
55.5624 226.532 226.532 2 2 3
55.5559 226.603 226.603 2 2 3
55.5495 226.673 226.673 2 2 3
55.543 226.743 226.743 2 2 3
55.5365 226.814 226.814 2 2 3
55.53 226.885 226.885 2 2 3
55.5236 226.955 226.955 2 2 3
55.5171 227.026 227.026 2 2 3
55.5105 227.096 227.096 2 2 3
55.504 227.167 227.167 2 2 3
55.4975 227.237 227.237 2 2 3
55.491 227.308 227.308 2 2 3
55.4844 227.379 227.379 2 2 3
55.4779 227.449 227.449 2 2 3
55.4713 227.52 227.52 2 2 3
55.4647 227.591 227.591 2 2 3
55.4582 227.661 227.661 2 2 3
55.4516 227.732 227.732 2 2 3
55.445 227.803 227.803 2 2 3
55.4384 227.873 227.873 2 2 3
55.4317 227.944 227.944 2 2 3
55.4251 228.015 228.015 2 2 3
55.4185 228.086 228.086 2 2 3
55.4118 228.157 228.157 2 2 3
55.4052 228.227 228.227 2 2 3
55.3985 228.298 228.298 2 2 3
55.3918 228.369 228.369 2 2 3
55.3852 228.44 228.44 2 2 3
55.3785 228.511 228.511 2 2 3
55.3718 228.582 228.582 2 2 3
55.3651 228.653 228.653 2 2 3
55.3583 228.724 228.724 2 2 3
55.3516 228.794 228.794 2 2 3
55.3449 228.865 228.865 2 2 3
55.3381 228.936 228.936 2 2 3
55.3314 229.007 229.007 2 2 3
55.3246 229.078 229.078 2 2 3
55.3178 229.149 229.149 2 2 3
55.3111 229.22 229.22 2 2 3
55.3043 229.291 229.291 2 2 3
55.2975 229.363 229.363 2 2 3
55.2907 229.434 229.434 2 2 3
55.2838 229.505 229.505 2 2 3
55.277 229.576 229.576 2 2 3
55.2702 229.647 229.647 2 2 3
55.2633 229.718 229.718 2 2 3
55.2565 229.789 229.789 2 2 3
55.2496 229.86 229.86 2 2 3
55.2427 229.932 229.932 2 2 3
55.2359 230.003 230.003 2 2 3
55.229 230.074 230.074 2 2 3
55.2221 230.145 230.145 2 2 3
55.2152 230.216 230.216 2 2 3
55.2082 230.288 230.288 2 2 3
55.2013 230.359 230.359 2 2 3
55.1944 230.43 230.43 2 2 3
55.1874 230.502 230.502 2 2 3
55.1805 230.573 230.573 2 2 3
55.1735 230.644 230.644 2 2 3
55.1665 230.716 230.716 2 2 3
55.1595 230.787 230.787 2 2 3
55.1525 230.858 230.858 2 2 3
55.1455 230.93 230.93 2 2 3
55.1385 231.001 231.001 2 2 3
55.1315 231.072 231.072 2 2 3
55.1245 231.144 231.144 2 2 3
55.1174 231.215 231.215 2 2 3
55.1104 231.287 231.287 2 2 3
55.1033 231.358 231.358 2 2 3
55.0963 231.43 231.43 2 2 3
55.0892 231.501 231.501 2 2 3
55.0821 231.573 231.573 2 2 3
55.075 231.644 231.644 2 2 3
55.0679 231.716 231.716 2 2 3
55.0608 231.788 231.788 2 2 3
55.0537 231.859 231.859 2 2 3
55.0465 231.931 231.931 2 2 3
55.0394 232.002 232.002 2 2 3
55.0322 232.074 232.074 2 2 3
55.0251 232.146 232.146 2 2 3
55.0179 232.217 232.217 2 2 3
55.0107 232.289 232.289 2 2 3
55.0036 232.361 232.361 2 2 3
54.9964 232.433 232.433 2 2 3
54.9892 232.504 232.504 2 2 3
54.9819 232.576 232.576 2 2 3
54.9747 232.648 232.648 2 2 3
54.9675 232.72 232.72 2 2 3
54.9602 232.791 232.791 2 2 3
54.953 232.863 232.863 2 2 3
54.9457 232.935 232.935 2 2 3
54.9384 233.007 233.007 2 2 3
54.9312 233.079 233.079 2 2 3
54.9239 233.151 233.151 2 2 3
54.9166 233.222 233.222 2 2 3
54.9093 233.294 233.294 2 2 3
54.902 233.366 233.366 2 2 3
54.8946 233.438 233.438 2 2 3
54.8873 233.51 233.51 2 2 3
54.8799 233.582 233.582 2 2 3
54.8726 233.654 233.654 2 2 3
54.8652 233.726 233.726 2 2 3
54.8578 233.798 233.798 2 2 3
54.8505 233.87 233.87 2 2 3
54.8431 233.942 233.942 2 2 3
54.8357 234.014 234.014 2 2 3
54.8283 234.086 234.086 2 2 3
54.8208 234.158 234.158 2 2 3
54.8134 234.23 234.23 2 2 3
54.806 234.303 234.303 2 2 3
54.7985 234.375 234.375 2 2 3
54.7911 234.447 234.447 2 2 3
54.7836 234.519 234.519 2 2 3
54.7761 234.591 234.591 2 2 3
54.7686 234.663 234.663 2 2 3
54.7611 234.736 234.736 2 2 3
54.7536 234.808 234.808 2 2 3
54.7461 234.88 234.88 2 2 3
54.7386 234.952 234.952 2 2 3
54.7311 235.025 235.025 2 2 3
54.7235 235.097 235.097 2 2 3
54.716 235.169 235.169 2 2 3
54.7084 235.242 235.242 2 2 3
54.7008 235.314 235.314 2 2 3
54.6932 235.386 235.386 2 2 3
54.6857 235.459 235.459 2 2 3
54.6781 235.531 235.531 2 2 3
54.6705 235.603 235.603 2 2 3
54.6628 235.676 235.676 2 2 3
54.6552 235.748 235.748 2 2 3
54.6476 235.821 235.821 2 2 3
54.6399 235.893 235.893 2 2 3
54.6323 235.966 235.966 2 2 3
54.6246 236.038 236.038 2 2 3
54.6169 236.111 236.111 2 2 3
54.6092 236.183 236.183 2 2 3
54.6016 236.256 236.256 2 2 3
54.5938 236.328 236.328 2 2 3
54.5861 236.401 236.401 2 2 3
54.5784 236.473 236.473 2 2 3
54.5707 236.546 236.546 2 2 3
54.5629 236.619 236.619 2 2 3
54.5552 236.691 236.691 2 2 3
54.5474 236.764 236.764 2 2 3
54.5397 236.837 236.837 2 2 3
54.5319 236.909 236.909 2 2 3
54.5241 236.982 236.982 2 2 3
54.5163 237.055 237.055 2 2 3
54.5085 237.127 237.127 2 2 3
54.5007 237.2 237.2 2 2 3
54.4928 237.273 237.273 2 2 3
54.485 237.346 237.346 2 2 3
54.4772 237.418 237.418 2 2 3
54.4693 237.491 237.491 2 2 3
54.4615 237.564 237.564 2 2 3
54.4536 237.637 237.637 2 2 3
54.4457 237.71 237.71 2 2 3
54.4378 237.783 237.783 2 2 3
54.4299 237.855 237.855 2 2 3
54.422 237.928 237.928 2 2 3
54.4141 238.001 238.001 2 2 3
54.4061 238.074 238.074 2 2 3
54.3982 238.147 238.147 2 2 3
54.3902 238.22 238.22 2 2 3
54.3823 238.293 238.293 2 2 3
54.3743 238.366 238.366 2 2 3
54.3663 238.439 238.439 2 2 3
54.3584 238.512 238.512 2 2 3
54.3504 238.585 238.585 2 2 3
54.3424 238.658 238.658 2 2 3
54.3343 238.731 238.731 2 2 3
54.3263 238.804 238.804 2 2 3
54.3183 238.877 238.877 2 2 3
54.3102 238.951 238.951 2 2 3
54.3022 239.024 239.024 2 2 3
54.2941 239.097 239.097 2 2 3
54.286 239.17 239.17 2 2 3
54.278 239.243 239.243 2 2 3
54.2699 239.316 239.316 2 2 3
54.2618 239.39 239.39 2 2 3
54.2536 239.463 239.463 2 2 3
54.2455 239.536 239.536 2 2 3
54.2374 239.609 239.609 2 2 3
54.2293 239.683 239.683 2 2 3
54.2211 239.756 239.756 2 2 3
54.2129 239.829 239.829 2 2 3
54.2048 239.902 239.902 2 2 3
54.1966 239.976 239.976 2 2 3
54.1884 240.049 240.049 2 2 3
54.1802 240.123 240.123 2 2 3
54.172 240.196 240.196 2 2 3
54.1638 240.269 240.269 2 2 3
54.1556 240.343 240.343 2 2 3
54.1473 240.416 240.416 2 2 3
54.1391 240.49 240.49 2 2 3
54.1308 240.563 240.563 2 2 3
54.1226 240.637 240.637 2 2 3
54.1143 240.71 240.71 2 2 3
54.106 240.783 240.783 2 2 3
54.0977 240.857 240.857 2 2 3
54.0894 240.931 240.931 2 2 3
54.0811 241.004 241.004 2 2 3
54.0728 241.078 241.078 2 2 3
54.0644 241.151 241.151 2 2 3
54.0561 241.225 241.225 2 2 3
54.0477 241.298 241.298 2 2 3
54.0394 241.372 241.372 2 2 3
54.031 241.446 241.446 2 2 3
54.0226 241.519 241.519 2 2 3
54.0142 241.593 241.593 2 2 3
54.0058 241.667 241.667 2 2 3
53.9974 241.741 241.741 2 2 3
53.989 241.814 241.814 2 2 3
53.9806 241.888 241.888 2 2 3
53.9721 241.962 241.962 2 2 3
53.9637 242.036 242.036 2 2 3
53.9552 242.109 242.109 2 2 3
53.9468 242.183 242.183 2 2 3
53.9383 242.257 242.257 2 2 3
53.9298 242.331 242.331 2 2 3
53.9213 242.405 242.405 2 2 3
53.9128 242.478 242.478 2 2 3
53.9043 242.552 242.552 2 2 3
53.8957 242.626 242.626 2 2 3
53.8872 242.7 242.7 2 2 3
53.8787 242.774 242.774 2 2 3
53.8701 242.848 242.848 2 2 3
53.8615 242.922 242.922 2 2 3
53.853 242.996 242.996 2 2 3
53.8444 243.07 243.07 2 2 3
53.8358 243.144 243.144 2 2 3
53.8272 243.218 243.218 2 2 3
53.8186 243.292 243.292 2 2 3
53.8099 243.366 243.366 2 2 3
53.8013 243.44 243.44 2 2 3
53.7927 243.514 243.514 2 2 3
53.784 243.588 243.588 2 2 3
53.7753 243.663 243.663 2 2 3
53.7667 243.737 243.737 2 2 3
53.758 243.811 243.811 2 2 3
53.7493 243.885 243.885 2 2 3
53.7406 243.959 243.959 2 2 3
53.7319 244.033 244.033 2 2 3
53.7232 244.108 244.108 2 2 3
53.7144 244.182 244.182 2 2 3
53.7057 244.256 244.256 2 2 3
53.6969 244.33 244.33 2 2 3
53.6882 244.405 244.405 2 2 3
53.6794 244.479 244.479 2 2 3
53.6706 244.553 244.553 2 2 3
53.6618 244.628 244.628 2 2 3
53.653 244.702 244.702 2 2 3
53.6442 244.776 244.776 2 2 3
53.6354 244.851 244.851 2 2 3
53.6266 244.925 244.925 2 2 3
53.6178 244.999 244.999 2 2 3
53.6089 245.074 245.074 2 2 3
53.6 245.148 245.148 2 2 3
53.5912 245.223 245.223 2 2 3
53.5823 245.297 245.297 2 2 3
53.5734 245.372 245.372 2 2 3
53.5645 245.446 245.446 2 2 3
53.5556 245.521 245.521 2 2 3
53.5467 245.595 245.595 2 2 3
53.5378 245.67 245.67 2 2 3
53.5288 245.744 245.744 2 2 3
53.5199 245.819 245.819 2 2 3
53.5109 245.893 245.893 2 2 3
53.502 245.968 245.968 2 2 3
53.493 246.043 246.043 2 2 3
53.484 246.117 246.117 2 2 3
53.475 246.192 246.192 2 2 3
53.466 246.267 246.267 2 2 3
53.457 246.341 246.341 2 2 3
53.448 246.416 246.416 2 2 3
53.4389 246.491 246.491 2 2 3
53.4299 246.566 246.566 2 2 3
53.4208 246.64 246.64 2 2 3
53.4118 246.715 246.715 2 2 3
53.4027 246.79 246.79 2 2 3
53.3936 246.865 246.865 2 2 3
53.3845 246.939 246.939 2 2 3
53.3754 247.014 247.014 2 2 3
53.3663 247.089 247.089 2 2 3
53.3572 247.164 247.164 2 2 3
53.348 247.239 247.239 2 2 3
53.3389 247.314 247.314 2 2 3
53.3297 247.389 247.389 2 2 3
53.3206 247.464 247.464 2 2 3
53.3114 247.539 247.539 2 2 3
53.3022 247.614 247.614 2 2 3
53.293 247.689 247.689 2 2 3
53.2838 247.764 247.764 2 2 3
53.2746 247.839 247.839 2 2 3
53.2654 247.914 247.914 2 2 3
53.2562 247.989 247.989 2 2 3
53.2469 248.064 248.064 2 2 3
53.2377 248.139 248.139 2 2 3
53.2284 248.214 248.214 2 2 3
53.2191 248.289 248.289 2 2 3
53.2098 248.364 248.364 2 2 3
53.2005 248.439 248.439 2 2 3
53.1912 248.514 248.514 2 2 3
53.1819 248.59 248.59 2 2 3
53.1726 248.665 248.665 2 2 3
53.1633 248.74 248.74 2 2 3
53.1539 248.815 248.815 2 2 3
53.1446 248.89 248.89 2 2 3
53.1352 248.966 248.966 2 2 3
53.1258 249.041 249.041 2 2 3
53.1165 249.116 249.116 2 2 3
53.1071 249.191 249.191 2 2 3
53.0977 249.267 249.267 2 2 3
53.0883 249.342 249.342 2 2 3
53.0788 249.417 249.417 2 2 3
53.0694 249.493 249.493 2 2 3
53.06 249.568 249.568 2 2 3
53.0505 249.644 249.644 2 2 3
53.0411 249.719 249.719 2 2 3
53.0316 249.794 249.794 2 2 3
53.0221 249.87 249.87 2 2 3
53.0126 249.945 249.945 2 2 3
53.0031 250.021 250.021 2 2 3
52.9936 250.096 250.096 2 2 3
52.9841 250.172 250.172 2 2 3
52.9745 250.247 250.247 2 2 3
52.965 250.323 250.323 2 2 3
52.9554 250.398 250.398 2 2 3
52.9459 250.474 250.474 2 2 3
52.9363 250.55 250.55 2 2 3
52.9267 250.625 250.625 2 2 3
52.9171 250.701 250.701 2 2 3
52.9075 250.776 250.776 2 2 3
52.8979 250.852 250.852 2 2 3
52.8883 250.928 250.928 2 2 3
52.8787 251.003 251.003 2 2 3
52.869 251.079 251.079 2 2 3
52.8594 251.155 251.155 2 2 3
52.8497 251.231 251.231 2 2 3
52.84 251.306 251.306 2 2 3
52.8304 251.382 251.382 2 2 3
52.8207 251.458 251.458 2 2 3
52.811 251.534 251.534 2 2 3
52.8013 251.609 251.609 2 2 3
52.7915 251.685 251.685 2 2 3
52.7818 251.761 251.761 2 2 3
52.7721 251.837 251.837 2 2 3
52.7623 251.913 251.913 2 2 3
52.7525 251.989 251.989 2 2 3
52.7428 252.065 252.065 2 2 3
52.733 252.141 252.141 2 2 3
52.7232 252.216 252.216 2 2 3
52.7134 252.292 252.292 2 2 3
52.7036 252.368 252.368 2 2 3
52.6938 252.444 252.444 2 2 3
52.6839 252.52 252.52 2 2 3
52.6741 252.596 252.596 2 2 3
52.6642 252.672 252.672 2 2 3
52.6544 252.748 252.748 2 2 3
52.6445 252.825 252.825 2 2 3
52.6346 252.901 252.901 2 2 3
52.6247 252.977 252.977 2 2 3
52.6148 253.053 253.053 2 2 3
52.6049 253.129 253.129 2 2 3
52.595 253.205 253.205 2 2 3
52.585 253.281 253.281 2 2 3
52.5751 253.357 253.357 2 2 3
52.5651 253.434 253.434 2 2 3
52.5552 253.51 253.51 2 2 3
52.5452 253.586 253.586 2 2 3
52.5352 253.662 253.662 2 2 3
52.5252 253.739 253.739 2 2 3
52.5152 253.815 253.815 2 2 3
52.5052 253.891 253.891 2 2 3
52.4952 253.968 253.968 2 2 3
52.4851 254.044 254.044 2 2 3
52.4751 254.12 254.12 2 2 3
52.465 254.197 254.197 2 2 3
52.455 254.273 254.273 2 2 3
52.4449 254.349 254.349 2 2 3
52.4348 254.426 254.426 2 2 3
52.4247 254.502 254.502 2 2 3
52.4146 254.579 254.579 2 2 3
52.4045 254.655 254.655 2 2 3
52.3943 254.732 254.732 2 2 3
52.3842 254.808 254.808 2 2 3
52.3741 254.884 254.884 2 2 3
52.3639 254.961 254.961 2 2 3
52.3537 255.038 255.038 2 2 3
52.3435 255.114 255.114 2 2 3
52.3334 255.191 255.191 2 2 3
52.3232 255.267 255.267 2 2 3
52.313 255.344 255.344 2 2 3
52.3027 255.42 255.42 2 2 3
52.2925 255.497 255.497 2 2 3
52.2823 255.574 255.574 2 2 3
52.272 255.65 255.65 2 2 3
52.2618 255.727 255.727 2 2 3
52.2515 255.804 255.804 2 2 3
52.2412 255.881 255.881 2 2 3
52.2309 255.957 255.957 2 2 3
52.2206 256.034 256.034 2 2 3
52.2103 256.111 256.111 2 2 3
52.2 256.188 256.188 2 2 3
52.1896 256.264 256.264 2 2 3
52.1793 256.341 256.341 2 2 3
52.1689 256.418 256.418 2 2 3
52.1586 256.495 256.495 2 2 3
52.1482 256.572 256.572 2 2 3
52.1378 256.649 256.649 2 2 3
52.1274 256.725 256.725 2 2 3
52.117 256.802 256.802 2 2 3
52.1066 256.879 256.879 2 2 3
52.0962 256.956 256.956 2 2 3
52.0858 257.033 257.033 2 2 3
52.0753 257.11 257.11 2 2 3
52.0649 257.187 257.187 2 2 3
52.0544 257.264 257.264 2 2 3
52.0439 257.341 257.341 2 2 3
52.0334 257.418 257.418 2 2 3
52.0229 257.495 257.495 2 2 3
52.0124 257.572 257.572 2 2 3
52.0019 257.649 257.649 2 2 3
51.9914 257.727 257.727 2 2 3
51.9808 257.804 257.804 2 2 3
51.9703 257.881 257.881 2 2 3
51.9597 257.958 257.958 2 2 3
51.9492 258.035 258.035 2 2 3
51.9386 258.112 258.112 2 2 3
51.928 258.19 258.19 2 2 3
51.9174 258.267 258.267 2 2 3
51.9068 258.344 258.344 2 2 3
51.8962 258.421 258.421 2 2 3
51.8855 258.499 258.499 2 2 3
51.8749 258.576 258.576 2 2 3
51.8642 258.653 258.653 2 2 3
51.8536 258.73 258.73 2 2 3
51.8429 258.808 258.808 2 2 3
51.8322 258.885 258.885 2 2 3
51.8215 258.962 258.962 2 2 3
51.8108 259.04 259.04 2 2 3
51.8001 259.117 259.117 2 2 3
51.7894 259.195 259.195 2 2 3
51.7786 259.272 259.272 2 2 3
51.7679 259.35 259.35 2 2 3
51.7571 259.427 259.427 2 2 3
51.7464 259.504 259.504 2 2 3
51.7356 259.582 259.582 2 2 3
51.7248 259.66 259.66 2 2 3
51.714 259.737 259.737 2 2 3
51.7032 259.815 259.815 2 2 3
51.6924 259.892 259.892 2 2 3
51.6816 259.97 259.97 2 2 3
51.6707 260.047 260.047 2 2 3
51.6599 260.125 260.125 2 2 3
51.649 260.203 260.203 2 2 3
51.6382 260.28 260.28 2 2 3
51.6273 260.358 260.358 2 2 3
51.6164 260.436 260.436 2 2 3
51.6055 260.513 260.513 2 2 3
51.5946 260.591 260.591 2 2 3
51.5836 260.669 260.669 2 2 3
51.5727 260.746 260.746 2 2 3
51.5618 260.824 260.824 2 2 3
51.5508 260.902 260.902 2 2 3
51.5399 260.98 260.98 2 2 3
51.5289 261.058 261.058 2 2 3
51.5179 261.135 261.135 2 2 3
51.5069 261.213 261.213 2 2 3
51.4959 261.291 261.291 2 2 3
51.4849 261.369 261.369 2 2 3
51.4739 261.447 261.447 2 2 3
51.4628 261.525 261.525 2 2 3
51.4518 261.603 261.603 2 2 3
51.4407 261.681 261.681 2 2 3
51.4296 261.759 261.759 2 2 3
51.4186 261.837 261.837 2 2 3
51.4075 261.915 261.915 2 2 3
51.3964 261.993 261.993 2 2 3
51.3853 262.071 262.071 2 2 3
51.3741 262.149 262.149 2 2 3
51.363 262.227 262.227 2 2 3
51.3519 262.305 262.305 2 2 3
51.3407 262.383 262.383 2 2 3
51.3296 262.461 262.461 2 2 3
51.3184 262.539 262.539 2 2 3
51.3072 262.617 262.617 2 2 3
51.296 262.695 262.695 2 2 3
51.2848 262.774 262.774 2 2 3
51.2736 262.852 262.852 2 2 3
51.2624 262.93 262.93 2 2 3
51.2511 263.008 263.008 2 2 3
51.2399 263.086 263.086 2 2 3
51.2286 263.165 263.165 2 2 3
51.2173 263.243 263.243 2 2 3
51.2061 263.321 263.321 2 2 3
51.1948 263.399 263.399 2 2 3
51.1835 263.478 263.478 2 2 3
51.1722 263.556 263.556 2 2 3
51.1609 263.634 263.634 2 2 3
51.1495 263.713 263.713 2 2 3
51.1382 263.791 263.791 2 2 3
51.1268 263.87 263.87 2 2 3
51.1155 263.948 263.948 2 2 3
51.1041 264.026 264.026 2 2 3
51.0927 264.105 264.105 2 2 3
51.0813 264.183 264.183 2 2 3
51.0699 264.262 264.262 2 2 3
51.0585 264.34 264.34 2 2 3
51.0471 264.419 264.419 2 2 3
51.0356 264.497 264.497 2 2 3
51.0242 264.576 264.576 2 2 3
51.0127 264.655 264.655 2 2 3
51.0012 264.733 264.733 2 2 3
50.9898 264.812 264.812 2 2 3
50.9783 264.89 264.89 2 2 3
50.9668 264.969 264.969 2 2 3
50.9553 265.048 265.048 2 2 3
50.9437 265.126 265.126 2 2 3
50.9322 265.205 265.205 2 2 3
50.9207 265.284 265.284 2 2 3
50.9091 265.362 265.362 2 2 3
50.8976 265.441 265.441 2 2 3
50.886 265.52 265.52 2 2 3
50.8744 265.599 265.599 2 2 3
50.8628 265.677 265.677 2 2 3
50.8512 265.756 265.756 2 2 3
50.8396 265.835 265.835 2 2 3
50.8279 265.914 265.914 2 2 3
50.8163 265.993 265.993 2 2 3
50.8047 266.072 266.072 2 2 3
50.793 266.15 266.15 2 2 3
50.7813 266.229 266.229 2 2 3
50.7696 266.308 266.308 2 2 3
50.7579 266.387 266.387 2 2 3
50.7462 266.466 266.466 2 2 3
50.7345 266.545 266.545 2 2 3
50.7228 266.624 266.624 2 2 3
50.7111 266.703 266.703 2 2 3
50.6993 266.782 266.782 2 2 3
50.6876 266.861 266.861 2 2 3
50.6758 266.94 266.94 2 2 3
50.664 267.019 267.019 2 2 3
50.6522 267.098 267.098 2 2 3
50.6404 267.177 267.177 2 2 3
50.6286 267.257 267.257 2 2 3
50.6168 267.336 267.336 2 2 3
50.605 267.415 267.415 2 2 3
50.5931 267.494 267.494 2 2 3
50.5813 267.573 267.573 2 2 3
50.5694 267.652 267.652 2 2 3
50.5575 267.732 267.732 2 2 3
50.5457 267.811 267.811 2 2 3
50.5338 267.89 267.89 2 2 3
50.5219 267.969 267.969 2 2 3
50.5099 268.049 268.049 2 2 3
50.498 268.128 268.128 2 2 3
50.4861 268.207 268.207 2 2 3
50.4741 268.287 268.287 2 2 3
50.4622 268.366 268.366 2 2 3
50.4502 268.445 268.445 2 2 3
50.4382 268.525 268.525 2 2 3
50.4262 268.604 268.604 2 2 3
50.4142 268.683 268.683 2 2 3
50.4022 268.763 268.763 2 2 3
50.3902 268.842 268.842 2 2 3
50.3782 268.922 268.922 2 2 3
50.3661 269.001 269.001 2 2 3
50.354 269.081 269.081 2 2 3
50.342 269.16 269.16 2 2 3
50.3299 269.24 269.24 2 2 3
50.3178 269.319 269.319 2 2 3
50.3057 269.399 269.399 2 2 3
50.2936 269.479 269.479 2 2 3
50.2815 269.558 269.558 2 2 3
50.2693 269.638 269.638 2 2 3
50.2572 269.717 269.717 2 2 3
50.2451 269.797 269.797 2 2 3
50.2329 269.877 269.877 2 2 3
50.2207 269.956 269.956 2 2 3
50.2085 270.036 270.036 2 2 3
50.1963 270.116 270.116 2 2 3
50.1841 270.196 270.196 2 2 3
50.1719 270.275 270.275 2 2 3
50.1597 270.355 270.355 2 2 3
50.1474 270.435 270.435 2 2 3
50.1352 270.515 270.515 2 2 3
50.1229 270.594 270.594 2 2 3
50.1106 270.674 270.674 2 2 3
50.0984 270.754 270.754 2 2 3
50.0861 270.834 270.834 2 2 3
50.0738 270.914 270.914 2 2 3
50.0614 270.994 270.994 2 2 3
50.0491 271.074 271.074 2 2 3
50.0368 271.154 271.154 2 2 3
50.0244 271.234 271.234 2 2 3
50.0121 271.314 271.314 2 2 3
49.9997 271.394 271.394 2 2 3
49.9873 271.474 271.474 2 2 3
49.9749 271.554 271.554 2 2 3
49.9625 271.634 271.634 2 2 3
49.9501 271.714 271.714 2 2 3
49.9377 271.794 271.794 2 2 3
49.9253 271.874 271.874 2 2 3
49.9128 271.954 271.954 2 2 3
49.9003 272.034 272.034 2 2 3
49.8879 272.114 272.114 2 2 3
49.8754 272.194 272.194 2 2 3
49.8629 272.274 272.274 2 2 3
49.8504 272.355 272.355 2 2 3
49.8379 272.435 272.435 2 2 3
49.8254 272.515 272.515 2 2 3
49.8128 272.595 272.595 2 2 3
49.8003 272.676 272.676 2 2 3
49.7877 272.756 272.756 2 2 3
49.7752 272.836 272.836 2 2 3
49.7626 272.916 272.916 2 2 3
49.75 272.997 272.997 2 2 3
49.7374 273.077 273.077 2 2 3
49.7248 273.157 273.157 2 2 3
49.7122 273.238 273.238 2 2 3
49.6995 273.318 273.318 2 2 3
49.6869 273.399 273.399 2 2 3
49.6742 273.479 273.479 2 2 3
49.6616 273.559 273.559 2 2 3
49.6489 273.64 273.64 2 2 3
49.6362 273.72 273.72 2 2 3
49.6235 273.801 273.801 2 2 3
49.6108 273.881 273.881 2 2 3
49.5981 273.962 273.962 2 2 3
49.5854 274.042 274.042 2 2 3
49.5726 274.123 274.123 2 2 3
49.5599 274.204 274.204 2 2 3
49.5471 274.284 274.284 2 2 3
49.5343 274.365 274.365 2 2 3
49.5215 274.445 274.445 2 2 3
49.5087 274.526 274.526 2 2 3
49.4959 274.607 274.607 2 2 3
49.4831 274.687 274.687 2 2 3
49.4703 274.768 274.768 2 2 3
49.4574 274.849 274.849 2 2 3
49.4446 274.929 274.929 2 2 3
49.4317 275.01 275.01 2 2 3
49.4188 275.091 275.091 2 2 3
49.406 275.172 275.172 2 2 3
49.3931 275.253 275.253 2 2 3
49.3802 275.333 275.333 2 2 3
49.3672 275.414 275.414 2 2 3
49.3543 275.495 275.495 2 2 3
49.3414 275.576 275.576 2 2 3
49.3284 275.657 275.657 2 2 3
49.3155 275.738 275.738 2 2 3
49.3025 275.819 275.819 2 2 3
49.2895 275.9 275.9 2 2 3
49.2765 275.98 275.98 2 2 3
49.2635 276.061 276.061 2 2 3
49.2505 276.142 276.142 2 2 3
49.2375 276.223 276.223 2 2 3
49.2244 276.304 276.304 2 2 3
49.2114 276.385 276.385 2 2 3
49.1983 276.466 276.466 2 2 3
49.1852 276.548 276.548 2 2 3
49.1721 276.629 276.629 2 2 3
49.159 276.71 276.71 2 2 3
49.1459 276.791 276.791 2 2 3
49.1328 276.872 276.872 2 2 3
49.1197 276.953 276.953 2 2 3
49.1066 277.034 277.034 2 2 3
49.0934 277.115 277.115 2 2 3
49.0802 277.197 277.197 2 2 3
49.0671 277.278 277.278 2 2 3
49.0539 277.359 277.359 2 2 3
49.0407 277.44 277.44 2 2 3
49.0275 277.522 277.522 2 2 3
49.0143 277.603 277.603 2 2 3
49.001 277.684 277.684 2 2 3
48.9878 277.766 277.766 2 2 3
48.9745 277.847 277.847 2 2 3
48.9613 277.928 277.928 2 2 3
48.948 278.01 278.01 2 2 3
48.9347 278.091 278.091 2 2 3
48.9214 278.172 278.172 2 2 3
48.9081 278.254 278.254 2 2 3
48.8948 278.335 278.335 2 2 3
48.8815 278.417 278.417 2 2 3
48.8681 278.498 278.498 2 2 3
48.8548 278.58 278.58 2 2 3
48.8414 278.661 278.661 2 2 3
48.8281 278.743 278.743 2 2 3
48.8147 278.824 278.824 2 2 3
48.8013 278.906 278.906 2 2 3
48.7879 278.987 278.987 2 2 3
48.7745 279.069 279.069 2 2 3
48.761 279.151 279.151 2 2 3
48.7476 279.232 279.232 2 2 3
48.7341 279.314 279.314 2 2 3
48.7207 279.396 279.396 2 2 3
48.7072 279.477 279.477 2 2 3
48.6937 279.559 279.559 2 2 3
48.6802 279.641 279.641 2 2 3
48.6667 279.722 279.722 2 2 3
48.6532 279.804 279.804 2 2 3
48.6397 279.886 279.886 2 2 3
48.6261 279.968 279.968 2 2 3
48.6126 280.049 280.049 2 2 3
48.599 280.131 280.131 2 2 3
48.5854 280.213 280.213 2 2 3
48.5718 280.295 280.295 2 2 3
48.5582 280.377 280.377 2 2 3
48.5446 280.459 280.459 2 2 3
48.531 280.541 280.541 2 2 3
48.5174 280.622 280.622 2 2 3
48.5037 280.704 280.704 2 2 3
48.4901 280.786 280.786 2 2 3
48.4764 280.868 280.868 2 2 3
48.4627 280.95 280.95 2 2 3
48.4491 281.032 281.032 2 2 3
48.4354 281.114 281.114 2 2 3
48.4216 281.196 281.196 2 2 3
48.4079 281.278 281.278 2 2 3
48.3942 281.36 281.36 2 2 3
48.3804 281.443 281.443 2 2 3
48.3667 281.525 281.525 2 2 3
48.3529 281.607 281.607 2 2 3
48.3391 281.689 281.689 2 2 3
48.3254 281.771 281.771 2 2 3
48.3116 281.853 281.853 2 2 3
48.2977 281.935 281.935 2 2 3
48.2839 282.018 282.018 2 2 3
48.2701 282.1 282.1 2 2 3
48.2562 282.182 282.182 2 2 3
48.2424 282.264 282.264 2 2 3
48.2285 282.347 282.347 2 2 3
48.2146 282.429 282.429 2 2 3
48.2007 282.511 282.511 2 2 3
48.1868 282.594 282.594 2 2 3
48.1729 282.676 282.676 2 2 3
48.159 282.758 282.758 2 2 3
48.1451 282.841 282.841 2 2 3
48.1311 282.923 282.923 2 2 3
48.1172 283.006 283.006 2 2 3
48.1032 283.088 283.088 2 2 3
48.0892 283.17 283.17 2 2 3
48.0752 283.253 283.253 2 2 3
48.0612 283.335 283.335 2 2 3
48.0472 283.418 283.418 2 2 3
48.0332 283.5 283.5 2 2 3
48.0191 283.583 283.583 2 2 3
48.0051 283.665 283.665 2 2 3
47.991 283.748 283.748 2 2 3
47.977 283.831 283.831 2 2 3
47.9629 283.913 283.913 2 2 3
47.9488 283.996 283.996 2 2 3
47.9347 284.078 284.078 2 2 3
47.9206 284.161 284.161 2 2 3
47.9064 284.244 284.244 2 2 3
47.8923 284.326 284.326 2 2 3
47.8781 284.409 284.409 2 2 3
47.864 284.492 284.492 2 2 3
47.8498 284.575 284.575 2 2 3
47.8356 284.657 284.657 2 2 3
47.8214 284.74 284.74 2 2 3
47.8072 284.823 284.823 2 2 3
47.793 284.906 284.906 2 2 3
47.7787 284.989 284.989 2 2 3
47.7645 285.071 285.071 2 2 3
47.7502 285.154 285.154 2 2 3
47.736 285.237 285.237 2 2 3
47.7217 285.32 285.32 2 2 3
47.7074 285.403 285.403 2 2 3
47.6931 285.486 285.486 2 2 3
47.6788 285.569 285.569 2 2 3
47.6645 285.652 285.652 2 2 3
47.6501 285.735 285.735 2 2 3
47.6358 285.818 285.818 2 2 3
47.6214 285.901 285.901 2 2 3
47.6071 285.984 285.984 2 2 3
47.5927 286.067 286.067 2 2 3
47.5783 286.15 286.15 2 2 3
47.5639 286.233 286.233 2 2 3
47.5495 286.316 286.316 2 2 3
47.535 286.399 286.399 2 2 3
47.5206 286.482 286.482 2 2 3
47.5062 286.566 286.566 2 2 3
47.4917 286.649 286.649 2 2 3
47.4772 286.732 286.732 2 2 3
47.4627 286.815 286.815 2 2 3
47.4482 286.898 286.898 2 2 3
47.4337 286.982 286.982 2 2 3
47.4192 287.065 287.065 2 2 3
47.4047 287.148 287.148 2 2 3
47.3901 287.232 287.232 2 2 3
47.3756 287.315 287.315 2 2 3
47.361 287.398 287.398 2 2 3
47.3465 287.482 287.482 2 2 3
47.3319 287.565 287.565 2 2 3
47.3173 287.648 287.648 2 2 3
47.3027 287.732 287.732 2 2 3
47.288 287.815 287.815 2 2 3
47.2734 287.899 287.899 2 2 3
47.2588 287.982 287.982 2 2 3
47.2441 288.065 288.065 2 2 3
47.2294 288.149 288.149 2 2 3
47.2147 288.232 288.232 2 2 3
47.2001 288.316 288.316 2 2 3
47.1854 288.399 288.399 2 2 3
47.1706 288.483 288.483 2 2 3
47.1559 288.567 288.567 2 2 3
47.1412 288.65 288.65 2 2 3
47.1264 288.734 288.734 2 2 3
47.1117 288.817 288.817 2 2 3
47.0969 288.901 288.901 2 2 3
47.0821 288.985 288.985 2 2 3
47.0673 289.068 289.068 2 2 3
47.0525 289.152 289.152 2 2 3
47.0377 289.236 289.236 2 2 3
47.0229 289.32 289.32 2 2 3
47.008 289.403 289.403 2 2 3
46.9932 289.487 289.487 2 2 3
46.9783 289.571 289.571 2 2 3
46.9634 289.655 289.655 2 2 3
46.9485 289.738 289.738 2 2 3
46.9336 289.822 289.822 2 2 3
46.9187 289.906 289.906 2 2 3
46.9038 289.99 289.99 2 2 3
46.8889 290.074 290.074 2 2 3
46.8739 290.158 290.158 2 2 3
46.8589 290.242 290.242 2 2 3
46.844 290.326 290.326 2 2 3
46.829 290.41 290.41 2 2 3
46.814 290.494 290.494 2 2 3
46.799 290.578 290.578 2 2 3
46.784 290.662 290.662 2 2 3
46.769 290.746 290.746 2 2 3
46.7539 290.83 290.83 2 2 3
46.7389 290.914 290.914 2 2 3
46.7238 290.998 290.998 2 2 3
46.7087 291.082 291.082 2 2 3
46.6936 291.166 291.166 2 2 3
46.6785 291.25 291.25 2 2 3
46.6634 291.334 291.334 2 2 3
46.6483 291.419 291.419 2 2 3
46.6332 291.503 291.503 2 2 3
46.618 291.587 291.587 2 2 3
46.6029 291.671 291.671 2 2 3
46.5877 291.755 291.755 2 2 3
46.5725 291.84 291.84 2 2 3
46.5573 291.924 291.924 2 2 3
46.5421 292.008 292.008 2 2 3
46.5269 292.092 292.092 2 2 3
46.5117 292.177 292.177 2 2 3
46.4964 292.261 292.261 2 2 3
46.4812 292.345 292.345 2 2 3
46.4659 292.43 292.43 2 2 3
46.4507 292.514 292.514 2 2 3
46.4354 292.599 292.599 2 2 3
46.4201 292.683 292.683 2 2 3
46.4048 292.768 292.768 2 2 3
46.3894 292.852 292.852 2 2 3
46.3741 292.937 292.937 2 2 3
46.3588 293.021 293.021 2 2 3
46.3434 293.106 293.106 2 2 3
46.328 293.19 293.19 2 2 3
46.3127 293.275 293.275 2 2 3
46.2973 293.359 293.359 2 2 3
46.2819 293.444 293.444 2 2 3
46.2665 293.528 293.528 2 2 3
46.251 293.613 293.613 2 2 3
46.2356 293.698 293.698 2 2 3
46.2201 293.782 293.782 2 2 3
46.2047 293.867 293.867 2 2 3
46.1892 293.952 293.952 2 2 3
46.1737 294.036 294.036 2 2 3
46.1582 294.121 294.121 2 2 3
46.1427 294.206 294.206 2 2 3
46.1272 294.291 294.291 2 2 3
46.1117 294.375 294.375 2 2 3
46.0961 294.46 294.46 2 2 3
46.0806 294.545 294.545 2 2 3
46.065 294.63 294.63 2 2 3
46.0494 294.715 294.715 2 2 3
46.0338 294.8 294.8 2 2 3
46.0182 294.884 294.884 2 2 3
46.0026 294.969 294.969 2 2 3
45.987 295.054 295.054 2 2 3
45.9713 295.139 295.139 2 2 3
45.9557 295.224 295.224 2 2 3
45.94 295.309 295.309 2 2 3
45.9243 295.394 295.394 2 2 3
45.9086 295.479 295.479 2 2 3
45.8929 295.564 295.564 2 2 3
45.8772 295.649 295.649 2 2 3
45.8615 295.734 295.734 2 2 3
45.8458 295.819 295.819 2 2 3
45.83 295.904 295.904 2 2 3
45.8143 295.99 295.99 2 2 3
45.7985 296.075 296.075 2 2 3
45.7827 296.16 296.16 2 2 3
45.7669 296.245 296.245 2 2 3
45.7511 296.33 296.33 2 2 3
45.7353 296.415 296.415 2 2 3
45.7195 296.501 296.501 2 2 3
45.7036 296.586 296.586 2 2 3
45.6878 296.671 296.671 2 2 3
45.6719 296.756 296.756 2 2 3
45.656 296.842 296.842 2 2 3
45.6402 296.927 296.927 2 2 3
45.6243 297.012 297.012 2 2 3
45.6083 297.098 297.098 2 2 3
45.5924 297.183 297.183 2 2 3
45.5765 297.268 297.268 2 2 3
45.5605 297.354 297.354 2 2 3
45.5446 297.439 297.439 2 2 3
45.5286 297.525 297.525 2 2 3
45.5126 297.61 297.61 2 2 3
45.4966 297.696 297.696 2 2 3
45.4806 297.781 297.781 2 2 3
45.4646 297.867 297.867 2 2 3
45.4486 297.952 297.952 2 2 3
45.4325 298.038 298.038 2 2 3
45.4165 298.123 298.123 2 2 3
45.4004 298.209 298.209 2 2 3
45.3843 298.294 298.294 2 2 3
45.3682 298.38 298.38 2 2 3
45.3521 298.466 298.466 2 2 3
45.336 298.551 298.551 2 2 3
45.3199 298.637 298.637 2 2 3
45.3037 298.723 298.723 2 2 3
45.2876 298.808 298.808 2 2 3
45.2714 298.894 298.894 2 2 3
45.2552 298.98 298.98 2 2 3
45.2391 299.066 299.066 2 2 3
45.2229 299.151 299.151 2 2 3
45.2066 299.237 299.237 2 2 3
45.1904 299.323 299.323 2 2 3
45.1742 299.409 299.409 2 2 3
45.1579 299.495 299.495 2 2 3
45.1417 299.581 299.581 2 2 3
45.1254 299.666 299.666 2 2 3
45.1091 299.752 299.752 2 2 3
45.0928 299.838 299.838 2 2 3
45.0765 299.924 299.924 2 2 3
45.0602 300.01 300.01 2 2 3
45.0439 300.096 300.096 2 2 3
45.0275 300.182 300.182 2 2 3
45.0112 300.268 300.268 2 2 3
44.9948 300.354 300.354 2 2 3
44.9784 300.44 300.44 2 2 3
44.962 300.526 300.526 2 2 3
44.9456 300.612 300.612 2 2 3
44.9292 300.698 300.698 2 2 3
44.9128 300.784 300.784 2 2 3
44.8963 300.871 300.871 2 2 3
44.8799 300.957 300.957 2 2 3
44.8634 301.043 301.043 2 2 3
44.8469 301.129 301.129 2 2 3
44.8304 301.215 301.215 2 2 3
44.8139 301.302 301.302 2 2 3
44.7974 301.388 301.388 2 2 3
44.7809 301.474 301.474 2 2 3
44.7644 301.56 301.56 2 2 3
44.7478 301.647 301.647 2 2 3
44.7313 301.733 301.733 2 2 3
44.7147 301.819 301.819 2 2 3
44.6981 301.906 301.906 2 2 3
44.6815 301.992 301.992 2 2 3
44.6649 302.078 302.078 2 2 3
44.6483 302.165 302.165 2 2 3
44.6316 302.251 302.251 2 2 3
44.615 302.338 302.338 2 2 3
44.5983 302.424 302.424 2 2 3
44.5817 302.51 302.51 2 2 3
44.565 302.597 302.597 2 2 3
44.5483 302.683 302.683 2 2 3
44.5316 302.77 302.77 2 2 3
44.5149 302.856 302.856 2 2 3
44.4981 302.943 302.943 2 2 3
44.4814 303.03 303.03 2 2 3
44.4646 303.116 303.116 2 2 3
44.4479 303.203 303.203 2 2 3
44.4311 303.289 303.289 2 2 3
44.4143 303.376 303.376 2 2 3
44.3975 303.463 303.463 2 2 3
44.3807 303.549 303.549 2 2 3
44.3638 303.636 303.636 2 2 3
44.347 303.723 303.723 2 2 3
44.3301 303.81 303.81 2 2 3
44.3133 303.896 303.896 2 2 3
44.2964 303.983 303.983 2 2 3
44.2795 304.07 304.07 2 2 3
44.2626 304.157 304.157 2 2 3
44.2457 304.244 304.244 2 2 3
44.2288 304.33 304.33 2 2 3
44.2118 304.417 304.417 2 2 3
44.1949 304.504 304.504 2 2 3
44.1779 304.591 304.591 2 2 3
44.1609 304.678 304.678 2 2 3
44.1439 304.765 304.765 2 2 3
44.1269 304.852 304.852 2 2 3
44.1099 304.939 304.939 2 2 3
44.0929 305.026 305.026 2 2 3
44.0759 305.113 305.113 2 2 3
44.0588 305.2 305.2 2 2 3
44.0418 305.287 305.287 2 2 3
44.0247 305.374 305.374 2 2 3
44.0076 305.461 305.461 2 2 3
43.9905 305.548 305.548 2 2 3
43.9734 305.635 305.635 2 2 3
43.9563 305.722 305.722 2 2 3
43.9391 305.81 305.81 2 2 3
43.922 305.897 305.897 2 2 3
43.9048 305.984 305.984 2 2 3
43.8877 306.071 306.071 2 2 3
43.8705 306.158 306.158 2 2 3
43.8533 306.246 306.246 2 2 3
43.8361 306.333 306.333 2 2 3
43.8189 306.42 306.42 2 2 3
43.8016 306.507 306.507 2 2 3
43.7844 306.595 306.595 2 2 3
43.7671 306.682 306.682 2 2 3
43.7498 306.769 306.769 2 2 3
43.7326 306.857 306.857 2 2 3
43.7153 306.944 306.944 2 2 3
43.698 307.032 307.032 2 2 3
43.6806 307.119 307.119 2 2 3
43.6633 307.206 307.206 2 2 3
43.646 307.294 307.294 2 2 3
43.6286 307.381 307.381 2 2 3
43.6112 307.469 307.469 2 2 3
43.5939 307.556 307.556 2 2 3
43.5765 307.644 307.644 2 2 3
43.5591 307.731 307.731 2 2 3
43.5416 307.819 307.819 2 2 3
43.5242 307.907 307.907 2 2 3
43.5068 307.994 307.994 2 2 3
43.4893 308.082 308.082 2 2 3
43.4719 308.169 308.169 2 2 3
43.4544 308.257 308.257 2 2 3
43.4369 308.345 308.345 2 2 3
43.4194 308.432 308.432 2 2 3
43.4019 308.52 308.52 2 2 3
43.3843 308.608 308.608 2 2 3
43.3668 308.696 308.696 2 2 3
43.3492 308.783 308.783 2 2 3
43.3317 308.871 308.871 2 2 3
43.3141 308.959 308.959 2 2 3
43.2965 309.047 309.047 2 2 3
43.2789 309.135 309.135 2 2 3
43.2613 309.223 309.223 2 2 3
43.2436 309.31 309.31 2 2 3
43.226 309.398 309.398 2 2 3
43.2084 309.486 309.486 2 2 3
43.1907 309.574 309.574 2 2 3
43.173 309.662 309.662 2 2 3
43.1553 309.75 309.75 2 2 3
43.1376 309.838 309.838 2 2 3
43.1199 309.926 309.926 2 2 3
43.1022 310.014 310.014 2 2 3
43.0844 310.102 310.102 2 2 3
43.0667 310.19 310.19 2 2 3
43.0489 310.278 310.278 2 2 3
43.0311 310.366 310.366 2 2 3
43.0133 310.454 310.454 2 2 3
42.9955 310.543 310.543 2 2 3
42.9777 310.631 310.631 2 2 3
42.9599 310.719 310.719 2 2 3
42.9421 310.807 310.807 2 2 3
42.9242 310.895 310.895 2 2 3
42.9063 310.984 310.984 2 2 3
42.8885 311.072 311.072 2 2 3
42.8706 311.16 311.16 2 2 3
42.8527 311.248 311.248 2 2 3
42.8348 311.337 311.337 2 2 3
42.8168 311.425 311.425 2 2 3
42.7989 311.513 311.513 2 2 3
42.7809 311.602 311.602 2 2 3
42.763 311.69 311.69 2 2 3
42.745 311.778 311.778 2 2 3
42.727 311.867 311.867 2 2 3
42.709 311.955 311.955 2 2 3
42.691 312.044 312.044 2 2 3
42.673 312.132 312.132 2 2 3
42.6549 312.221 312.221 2 2 3
42.6369 312.309 312.309 2 2 3
42.6188 312.398 312.398 2 2 3
42.6007 312.486 312.486 2 2 3
42.5826 312.575 312.575 2 2 3
42.5645 312.663 312.663 2 2 3
42.5464 312.752 312.752 2 2 3
42.5283 312.84 312.84 2 2 3
42.5101 312.929 312.929 2 2 3
42.492 313.018 313.018 2 2 3
42.4738 313.106 313.106 2 2 3
42.4556 313.195 313.195 2 2 3
42.4374 313.284 313.284 2 2 3
42.4192 313.372 313.372 2 2 3
42.401 313.461 313.461 2 2 3
42.3828 313.55 313.55 2 2 3
42.3646 313.639 313.639 2 2 3
42.3463 313.727 313.727 2 2 3
42.328 313.816 313.816 2 2 3
42.3098 313.905 313.905 2 2 3
42.2915 313.994 313.994 2 2 3
42.2732 314.083 314.083 2 2 3
42.2548 314.172 314.172 2 2 3
42.2365 314.261 314.261 2 2 3
42.2182 314.349 314.349 2 2 3
42.1998 314.438 314.438 2 2 3
42.1814 314.527 314.527 2 2 3
42.1631 314.616 314.616 2 2 3
42.1447 314.705 314.705 2 2 3
42.1263 314.794 314.794 2 2 3
42.1078 314.883 314.883 2 2 3
42.0894 314.972 314.972 2 2 3
42.071 315.061 315.061 2 2 3
42.0525 315.15 315.15 2 2 3
42.034 315.24 315.24 2 2 3
42.0156 315.329 315.329 2 2 3
41.9971 315.418 315.418 2 2 3
41.9786 315.507 315.507 2 2 3
41.96 315.596 315.596 2 2 3
41.9415 315.685 315.685 2 2 3
41.923 315.775 315.775 2 2 3
41.9044 315.864 315.864 2 2 3
41.8858 315.953 315.953 2 2 3
41.8673 316.042 316.042 2 2 3
41.8487 316.132 316.132 2 2 3
41.83 316.221 316.221 2 2 3
41.8114 316.31 316.31 2 2 3
41.7928 316.4 316.4 2 2 3
41.7741 316.489 316.489 2 2 3
41.7555 316.578 316.578 2 2 3
41.7368 316.668 316.668 2 2 3
41.7181 316.757 316.757 2 2 3
41.6994 316.846 316.846 2 2 3
41.6807 316.936 316.936 2 2 3
41.662 317.025 317.025 2 2 3
41.6433 317.115 317.115 2 2 3
41.6245 317.204 317.204 2 2 3
41.6058 317.294 317.294 2 2 3
41.587 317.383 317.383 2 2 3
41.5682 317.473 317.473 2 2 3
41.5494 317.563 317.563 2 2 3
41.5306 317.652 317.652 2 2 3
41.5118 317.742 317.742 2 2 3
41.4929 317.831 317.831 2 2 3
41.4741 317.921 317.921 2 2 3
41.4552 318.011 318.011 2 2 3
41.4363 318.1 318.1 2 2 3
41.4174 318.19 318.19 2 2 3
41.3985 318.28 318.28 2 2 3
41.3796 318.37 318.37 2 2 3
41.3607 318.459 318.459 2 2 3
41.3418 318.549 318.549 2 2 3
41.3228 318.639 318.639 2 2 3
41.3038 318.729 318.729 2 2 3
41.2849 318.819 318.819 2 2 3
41.2659 318.908 318.908 2 2 3
41.2469 318.998 318.998 2 2 3
41.2278 319.088 319.088 2 2 3
41.2088 319.178 319.178 2 2 3
41.1898 319.268 319.268 2 2 3
41.1707 319.358 319.358 2 2 3
41.1516 319.448 319.448 2 2 3
41.1326 319.538 319.538 2 2 3
41.1135 319.628 319.628 2 2 3
41.0944 319.718 319.718 2 2 3
41.0752 319.808 319.808 2 2 3
41.0561 319.898 319.898 2 2 3
41.037 319.988 319.988 2 2 3
41.0178 320.078 320.078 2 2 3
40.9986 320.168 320.168 2 2 3
40.9795 320.258 320.258 2 2 3
40.9603 320.349 320.349 2 2 3
40.941 320.439 320.439 2 2 3
40.9218 320.529 320.529 2 2 3
40.9026 320.619 320.619 2 2 3
40.8833 320.709 320.709 2 2 3
40.8641 320.8 320.8 2 2 3
40.8448 320.89 320.89 2 2 3
40.8255 320.98 320.98 2 2 3
40.8062 321.071 321.071 2 2 3
40.7869 321.161 321.161 2 2 3
40.7676 321.251 321.251 2 2 3
40.7482 321.342 321.342 2 2 3
40.7289 321.432 321.432 2 2 3
40.7095 321.522 321.522 2 2 3
40.6901 321.613 321.613 2 2 3
40.6708 321.703 321.703 2 2 3
40.6513 321.794 321.794 2 2 3
40.6319 321.884 321.884 2 2 3
40.6125 321.975 321.975 2 2 3
40.5931 322.065 322.065 2 2 3
40.5736 322.156 322.156 2 2 3
40.5541 322.246 322.246 2 2 3
40.5347 322.337 322.337 2 2 3
40.5152 322.427 322.427 2 2 3
40.4957 322.518 322.518 2 2 3
40.4761 322.608 322.608 2 2 3
40.4566 322.699 322.699 2 2 3
40.4371 322.79 322.79 2 2 3
40.4175 322.88 322.88 2 2 3
40.3979 322.971 322.971 2 2 3
40.3783 323.062 323.062 2 2 3
40.3587 323.153 323.153 2 2 3
40.3391 323.243 323.243 2 2 3
40.3195 323.334 323.334 2 2 3
40.2999 323.425 323.425 2 2 3
40.2802 323.516 323.516 2 2 3
40.2606 323.606 323.606 2 2 3
40.2409 323.697 323.697 2 2 3
40.2212 323.788 323.788 2 2 3
40.2015 323.879 323.879 2 2 3
40.1818 323.97 323.97 2 2 3
40.162 324.061 324.061 2 2 3
40.1423 324.152 324.152 2 2 3
40.1226 324.243 324.243 2 2 3
40.1028 324.334 324.334 2 2 3
40.083 324.425 324.425 2 2 3
40.0632 324.516 324.516 2 2 3
40.0434 324.607 324.607 2 2 3
40.0236 324.698 324.698 2 2 3
40.0038 324.789 324.789 2 2 3
39.9839 324.88 324.88 2 2 3
39.964 324.971 324.971 2 2 3
39.9442 325.062 325.062 2 2 3
39.9243 325.153 325.153 2 2 3
39.9044 325.244 325.244 2 2 3
39.8845 325.336 325.336 2 2 3
39.8646 325.427 325.427 2 2 3
39.8446 325.518 325.518 2 2 3
39.8247 325.609 325.609 2 2 3
39.8047 325.7 325.7 2 2 3
39.7847 325.792 325.792 2 2 3
39.7647 325.883 325.883 2 2 3
39.7447 325.974 325.974 2 2 3
39.7247 326.066 326.066 2 2 3
39.7047 326.157 326.157 2 2 3
39.6847 326.248 326.248 2 2 3
39.6646 326.34 326.34 2 2 3
39.6445 326.431 326.431 2 2 3
39.6244 326.523 326.523 2 2 3
39.6044 326.614 326.614 2 2 3
39.5842 326.705 326.705 2 2 3
39.5641 326.797 326.797 2 2 3
39.544 326.888 326.888 2 2 3
39.5238 326.98 326.98 2 2 3
39.5037 327.071 327.071 2 2 3
39.4835 327.163 327.163 2 2 3
39.4633 327.255 327.255 2 2 3
39.4431 327.346 327.346 2 2 3
39.4229 327.438 327.438 2 2 3
39.4027 327.529 327.529 2 2 3
39.3824 327.621 327.621 2 2 3
39.3622 327.713 327.713 2 2 3
39.3419 327.804 327.804 2 2 3
39.3217 327.896 327.896 2 2 3
39.3014 327.988 327.988 2 2 3
39.2811 328.08 328.08 2 2 3
39.2607 328.171 328.171 2 2 3
39.2404 328.263 328.263 2 2 3
39.2201 328.355 328.355 2 2 3
39.1997 328.447 328.447 2 2 3
39.1793 328.539 328.539 2 2 3
39.1589 328.63 328.63 2 2 3
39.1385 328.722 328.722 2 2 3
39.1181 328.814 328.814 2 2 3
39.0977 328.906 328.906 2 2 3
39.0773 328.998 328.998 2 2 3
39.0568 329.09 329.09 2 2 3
39.0364 329.182 329.182 2 2 3
39.0159 329.274 329.274 2 2 3
38.9954 329.366 329.366 2 2 3
38.9749 329.458 329.458 2 2 3
38.9544 329.55 329.55 2 2 3
38.9338 329.642 329.642 2 2 3
38.9133 329.734 329.734 2 2 3
38.8927 329.826 329.826 2 2 3
38.8722 329.918 329.918 2 2 3
38.8516 330.01 330.01 2 2 3
38.831 330.103 330.103 2 2 3
38.8104 330.195 330.195 2 2 3
38.7898 330.287 330.287 2 2 3
38.7691 330.379 330.379 2 2 3
38.7485 330.471 330.471 2 2 3
38.7278 330.564 330.564 2 2 3
38.7071 330.656 330.656 2 2 3
38.6865 330.748 330.748 2 2 3
38.6657 330.841 330.841 2 2 3
38.645 330.933 330.933 2 2 3
38.6243 331.025 331.025 2 2 3
38.6036 331.118 331.118 2 2 3
38.5828 331.21 331.21 2 2 3
38.562 331.302 331.302 2 2 3
38.5413 331.395 331.395 2 2 3
38.5205 331.487 331.487 2 2 3
38.4996 331.58 331.58 2 2 3
38.4788 331.672 331.672 2 2 3
38.458 331.765 331.765 2 2 3
38.4371 331.857 331.857 2 2 3
38.4163 331.95 331.95 2 2 3
38.3954 332.042 332.042 2 2 3
38.3745 332.135 332.135 2 2 3
38.3536 332.227 332.227 2 2 3
38.3327 332.32 332.32 2 2 3
38.3118 332.413 332.413 2 2 3
38.2908 332.505 332.505 2 2 3
38.2699 332.598 332.598 2 2 3
38.2489 332.691 332.691 2 2 3
38.2279 332.783 332.783 2 2 3
38.2069 332.876 332.876 2 2 3
38.1859 332.969 332.969 2 2 3
38.1649 333.062 333.062 2 2 3
38.1438 333.154 333.154 2 2 3
38.1228 333.247 333.247 2 2 3
38.1017 333.34 333.34 2 2 3
38.0807 333.433 333.433 2 2 3
38.0596 333.526 333.526 2 2 3
38.0385 333.619 333.619 2 2 3
38.0173 333.711 333.711 2 2 3
37.9962 333.804 333.804 2 2 3
37.9751 333.897 333.897 2 2 3
37.9539 333.99 333.99 2 2 3
37.9327 334.083 334.083 2 2 3
37.9116 334.176 334.176 2 2 3
37.8904 334.269 334.269 2 2 3
37.8691 334.362 334.362 2 2 3
37.8479 334.455 334.455 2 2 3
37.8267 334.548 334.548 2 2 3
37.8054 334.641 334.641 2 2 3
37.7842 334.734 334.734 2 2 3
37.7629 334.828 334.828 2 2 3
37.7416 334.921 334.921 2 2 3
37.7203 335.014 335.014 2 2 3
37.699 335.107 335.107 2 2 3
37.6776 335.2 335.2 2 2 3
37.6563 335.294 335.294 2 2 3
37.6349 335.387 335.387 2 2 3
37.6136 335.48 335.48 2 2 3
37.5922 335.573 335.573 2 2 3
37.5708 335.667 335.667 2 2 3
37.5494 335.76 335.76 2 2 3
37.5279 335.853 335.853 2 2 3
37.5065 335.947 335.947 2 2 3
37.485 336.04 336.04 2 2 3
37.4636 336.133 336.133 2 2 3
37.4421 336.227 336.227 2 2 3
37.4206 336.32 336.32 2 2 3
37.3991 336.414 336.414 2 2 3
37.3776 336.507 336.507 2 2 3
37.356 336.601 336.601 2 2 3
37.3345 336.694 336.694 2 2 3
37.3129 336.788 336.788 2 2 3
37.2913 336.881 336.881 2 2 3
37.2698 336.975 336.975 2 2 3
37.2482 337.068 337.068 2 2 3
37.2265 337.162 337.162 2 2 3
37.2049 337.256 337.256 2 2 3
37.1833 337.349 337.349 2 2 3
37.1616 337.443 337.443 2 2 3
37.1399 337.536 337.536 2 2 3
37.1183 337.63 337.63 2 2 3
37.0966 337.724 337.724 2 2 3
37.0748 337.818 337.818 2 2 3
37.0531 337.911 337.911 2 2 3
37.0314 338.005 338.005 2 2 3
37.0096 338.099 338.099 2 2 3
36.9879 338.193 338.193 2 2 3
36.9661 338.287 338.287 2 2 3
36.9443 338.38 338.38 2 2 3
36.9225 338.474 338.474 2 2 3
36.9007 338.568 338.568 2 2 3
36.8788 338.662 338.662 2 2 3
36.857 338.756 338.756 2 2 3
36.8351 338.85 338.85 2 2 3
36.8132 338.944 338.944 2 2 3
36.7913 339.038 339.038 2 2 3
36.7694 339.132 339.132 2 2 3
36.7475 339.226 339.226 2 2 3
36.7256 339.32 339.32 2 2 3
36.7037 339.414 339.414 2 2 3
36.6817 339.508 339.508 2 2 3
36.6597 339.602 339.602 2 2 3
36.6377 339.696 339.696 2 2 3
36.6157 339.79 339.79 2 2 3
36.5937 339.885 339.885 2 2 3
36.5717 339.979 339.979 2 2 3
36.5497 340.073 340.073 2 2 3
36.5276 340.167 340.167 2 2 3
36.5056 340.261 340.261 2 2 3
36.4835 340.356 340.356 2 2 3
36.4614 340.45 340.45 2 2 3
36.4393 340.544 340.544 2 2 3
36.4171 340.639 340.639 2 2 3
36.395 340.733 340.733 2 2 3
36.3729 340.827 340.827 2 2 3
36.3507 340.922 340.922 2 2 3
36.3285 341.016 341.016 2 2 3
36.3063 341.11 341.11 2 2 3
36.2841 341.205 341.205 2 2 3
36.2619 341.299 341.299 2 2 3
36.2397 341.394 341.394 2 2 3
36.2174 341.488 341.488 2 2 3
36.1952 341.583 341.583 2 2 3
36.1729 341.677 341.677 2 2 3
36.1506 341.772 341.772 2 2 3
36.1283 341.866 341.866 2 2 3
36.106 341.961 341.961 2 2 3
36.0837 342.056 342.056 2 2 3
36.0613 342.15 342.15 2 2 3
36.039 342.245 342.245 2 2 3
36.0166 342.34 342.34 2 2 3
35.9942 342.434 342.434 2 2 3
35.9718 342.529 342.529 2 2 3
35.9494 342.624 342.624 2 2 3
35.927 342.718 342.718 2 2 3
35.9046 342.813 342.813 2 2 3
35.8821 342.908 342.908 2 2 3
35.8596 343.003 343.003 2 2 3
35.8372 343.097 343.097 2 2 3
35.8147 343.192 343.192 2 2 3
35.7922 343.287 343.287 2 2 3
35.7696 343.382 343.382 2 2 3
35.7471 343.477 343.477 2 2 3
35.7246 343.572 343.572 2 2 3
35.702 343.667 343.667 2 2 3
35.6794 343.762 343.762 2 2 3
35.6568 343.857 343.857 2 2 3
35.6342 343.952 343.952 2 2 3
35.6116 344.047 344.047 2 2 3
35.589 344.142 344.142 2 2 3
35.5663 344.237 344.237 2 2 3
35.5437 344.332 344.332 2 2 3
35.521 344.427 344.427 2 2 3
35.4983 344.522 344.522 2 2 3
35.4756 344.617 344.617 2 2 3
35.4529 344.712 344.712 2 2 3
35.4302 344.807 344.807 2 2 3
35.4074 344.903 344.903 2 2 3
35.3847 344.998 344.998 2 2 3
35.3619 345.093 345.093 2 2 3
35.3391 345.188 345.188 2 2 3
35.3163 345.284 345.284 2 2 3
35.2935 345.379 345.379 2 2 3
35.2707 345.474 345.474 2 2 3
35.2478 345.569 345.569 2 2 3
35.225 345.665 345.665 2 2 3
35.2021 345.76 345.76 2 2 3
35.1792 345.856 345.856 2 2 3
35.1563 345.951 345.951 2 2 3
35.1334 346.046 346.046 2 2 3
35.1105 346.142 346.142 2 2 3
35.0876 346.237 346.237 2 2 3
35.0646 346.333 346.333 2 2 3
35.0416 346.428 346.428 2 2 3
35.0187 346.524 346.524 2 2 3
34.9957 346.619 346.619 2 2 3
34.9727 346.715 346.715 2 2 3
34.9496 346.81 346.81 2 2 3
34.9266 346.906 346.906 2 2 3
34.9036 347.002 347.002 2 2 3
34.8805 347.097 347.097 2 2 3
34.8574 347.193 347.193 2 2 3
34.8343 347.289 347.289 2 2 3
34.8112 347.384 347.384 2 2 3
34.7881 347.48 347.48 2 2 3
34.765 347.576 347.576 2 2 3
34.7418 347.671 347.671 2 2 3
34.7187 347.767 347.767 2 2 3
34.6955 347.863 347.863 2 2 3
34.6723 347.959 347.959 2 2 3
34.6491 348.055 348.055 2 2 3
34.6259 348.15 348.15 2 2 3
34.6026 348.246 348.246 2 2 3
34.5794 348.342 348.342 2 2 3
34.5561 348.438 348.438 2 2 3
34.5329 348.534 348.534 2 2 3
34.5096 348.63 348.63 2 2 3
34.4863 348.726 348.726 2 2 3
34.463 348.822 348.822 2 2 3
34.4396 348.918 348.918 2 2 3
34.4163 349.014 349.014 2 2 3
34.3929 349.11 349.11 2 2 3
34.3696 349.206 349.206 2 2 3
34.3462 349.302 349.302 2 2 3
34.3228 349.398 349.398 2 2 3
34.2994 349.494 349.494 2 2 3
34.2759 349.591 349.591 2 2 3
34.2525 349.687 349.687 2 2 3
34.229 349.783 349.783 2 2 3
34.2056 349.879 349.879 2 2 3
34.1821 349.975 349.975 2 2 3
34.1586 350.072 350.072 2 2 3
34.1351 350.168 350.168 2 2 3
34.1115 350.264 350.264 2 2 3
34.088 350.36 350.36 2 2 3
34.0644 350.457 350.457 2 2 3
34.0409 350.553 350.553 2 2 3
34.0173 350.649 350.649 2 2 3
33.9937 350.746 350.746 2 2 3
33.9701 350.842 350.842 2 2 3
33.9465 350.939 350.939 2 2 3
33.9228 351.035 351.035 2 2 3
33.8992 351.131 351.131 2 2 3
33.8755 351.228 351.228 2 2 3
33.8518 351.324 351.324 2 2 3
33.8281 351.421 351.421 2 2 3
33.8044 351.517 351.517 2 2 3
33.7807 351.614 351.614 2 2 3
33.7569 351.711 351.711 2 2 3
33.7332 351.807 351.807 2 2 3
33.7094 351.904 351.904 2 2 3
33.6856 352 352 2 2 3
33.6618 352.097 352.097 2 2 3
33.638 352.194 352.194 2 2 3
33.6142 352.29 352.29 2 2 3
33.5904 352.387 352.387 2 2 3
33.5665 352.484 352.484 2 2 3
33.5426 352.581 352.581 2 2 3
33.5188 352.677 352.677 2 2 3
33.4949 352.774 352.774 2 2 3
33.471 352.871 352.871 2 2 3
33.447 352.968 352.968 2 2 3
33.4231 353.065 353.065 2 2 3
33.3991 353.162 353.162 2 2 3
33.3752 353.258 353.258 2 2 3
33.3512 353.355 353.355 2 2 3
33.3272 353.452 353.452 2 2 3
33.3032 353.549 353.549 2 2 3
33.2792 353.646 353.646 2 2 3
33.2551 353.743 353.743 2 2 3
33.2311 353.84 353.84 2 2 3
33.207 353.937 353.937 2 2 3
33.1829 354.034 354.034 2 2 3
33.1588 354.131 354.131 2 2 3
33.1347 354.228 354.228 2 2 3
33.1106 354.325 354.325 2 2 3
33.0865 354.423 354.423 2 2 3
33.0623 354.52 354.52 2 2 3
33.0382 354.617 354.617 2 2 3
33.014 354.714 354.714 2 2 3
32.9898 354.811 354.811 2 2 3
32.9656 354.909 354.909 2 2 3
32.9413 355.006 355.006 2 2 3
32.9171 355.103 355.103 2 2 3
32.8929 355.2 355.2 2 2 3
32.8686 355.298 355.298 2 2 3
32.8443 355.395 355.395 2 2 3
32.82 355.492 355.492 2 2 3
32.7957 355.59 355.59 2 2 3
32.7714 355.687 355.687 2 2 3
32.747 355.784 355.784 2 2 3
32.7227 355.882 355.882 2 2 3
32.6983 355.979 355.979 2 2 3
32.6739 356.077 356.077 2 2 3
32.6495 356.174 356.174 2 2 3
32.6251 356.272 356.272 2 2 3
32.6007 356.369 356.369 2 2 3
32.5763 356.467 356.467 2 2 3
32.5518 356.564 356.564 2 2 3
32.5274 356.662 356.662 2 2 3
32.5029 356.76 356.76 2 2 3
32.4784 356.857 356.857 2 2 3
32.4539 356.955 356.955 2 2 3
32.4293 357.052 357.052 2 2 3
32.4048 357.15 357.15 2 2 3
32.3802 357.248 357.248 2 2 3
32.3557 357.346 357.346 2 2 3
32.3311 357.443 357.443 2 2 3
32.3065 357.541 357.541 2 2 3
32.2819 357.639 357.639 2 2 3
32.2573 357.737 357.737 2 2 3
32.2326 357.834 357.834 2 2 3
32.208 357.932 357.932 2 2 3
32.1833 358.03 358.03 2 2 3
32.1586 358.128 358.128 2 2 3
32.1339 358.226 358.226 2 2 3
32.1092 358.324 358.324 2 2 3
32.0845 358.422 358.422 2 2 3
32.0597 358.52 358.52 2 2 3
32.035 358.618 358.618 2 2 3
32.0102 358.716 358.716 2 2 3
31.9854 358.814 358.814 2 2 3
31.9606 358.912 358.912 2 2 3
31.9358 359.01 359.01 2 2 3
31.911 359.108 359.108 2 2 3
31.8861 359.206 359.206 2 2 3
31.8613 359.304 359.304 2 2 3
31.8364 359.402 359.402 2 2 3
31.8115 359.5 359.5 2 2 3
31.7866 359.599 359.599 2 2 3
31.7617 359.697 359.697 2 2 3
31.7368 359.795 359.795 2 2 3
31.7118 359.893 359.893 2 2 3
31.6869 359.992 359.992 2 2 3
31.6619 360.09 360.09 2 2 3
31.6369 360.188 360.188 2 2 3
31.6119 360.286 360.286 2 2 3
31.5869 360.385 360.385 2 2 3
31.5619 360.483 360.483 2 2 3
31.5368 360.582 360.582 2 2 3
31.5118 360.68 360.68 2 2 3
31.4867 360.778 360.778 2 2 3
31.4616 360.877 360.877 2 2 3
31.4365 360.975 360.975 2 2 3
31.4114 361.074 361.074 2 2 3
31.3862 361.172 361.172 2 2 3
31.3611 361.271 361.271 2 2 3
31.3359 361.369 361.369 2 2 3
31.3107 361.468 361.468 2 2 3
31.2856 361.566 361.566 2 2 3
31.2603 361.665 361.665 2 2 3
31.2351 361.764 361.764 2 2 3
31.2099 361.862 361.862 2 2 3
31.1846 361.961 361.961 2 2 3
31.1594 362.06 362.06 2 2 3
31.1341 362.158 362.158 2 2 3
31.1088 362.257 362.257 2 2 3
31.0835 362.356 362.356 2 2 3
31.0582 362.455 362.455 2 2 3
31.0328 362.553 362.553 2 2 3
31.0075 362.652 362.652 2 2 3
30.9821 362.751 362.751 2 2 3
30.9567 362.85 362.85 2 2 3
30.9313 362.949 362.949 2 2 3
30.9059 363.048 363.048 2 2 3
30.8805 363.146 363.146 2 2 3
30.8551 363.245 363.245 2 2 3
30.8296 363.344 363.344 2 2 3
30.8041 363.443 363.443 2 2 3
30.7786 363.542 363.542 2 2 3
30.7532 363.641 363.641 2 2 3
30.7276 363.74 363.74 2 2 3
30.7021 363.839 363.839 2 2 3
30.6766 363.938 363.938 2 2 3
30.651 364.037 364.037 2 2 3
30.6254 364.137 364.137 2 2 3
30.5998 364.236 364.236 2 2 3
30.5742 364.335 364.335 2 2 3
30.5486 364.434 364.434 2 2 3
30.523 364.533 364.533 2 2 3
30.4974 364.632 364.632 2 2 3
30.4717 364.732 364.732 2 2 3
30.446 364.831 364.831 2 2 3
30.4203 364.93 364.93 2 2 3
30.3946 365.029 365.029 2 2 3
30.3689 365.129 365.129 2 2 3
30.3432 365.228 365.228 2 2 3
30.3174 365.327 365.327 2 2 3
30.2917 365.427 365.427 2 2 3
30.2659 365.526 365.526 2 2 3
30.2401 365.625 365.625 2 2 3
30.2143 365.725 365.725 2 2 3
30.1885 365.824 365.824 2 2 3
30.1626 365.924 365.924 2 2 3
30.1368 366.023 366.023 2 2 3
30.1109 366.123 366.123 2 2 3
30.085 366.222 366.222 2 2 3
30.0591 366.322 366.322 2 2 3
30.0332 366.421 366.421 2 2 3
30.0073 366.521 366.521 2 2 3
29.9813 366.621 366.621 2 2 3
29.9554 366.72 366.72 2 2 3
29.9294 366.82 366.82 2 2 3
29.9034 366.92 366.92 2 2 3
29.8774 367.019 367.019 2 2 3
29.8514 367.119 367.119 2 2 3
29.8254 367.219 367.219 2 2 3
29.7993 367.318 367.318 2 2 3
29.7733 367.418 367.418 2 2 3
29.7472 367.518 367.518 2 2 3
29.7211 367.618 367.618 2 2 3
29.695 367.718 367.718 2 2 3
29.6689 367.818 367.818 2 2 3
29.6428 367.917 367.917 2 2 3
29.6166 368.017 368.017 2 2 3
29.5904 368.117 368.117 2 2 3
29.5643 368.217 368.217 2 2 3
29.5381 368.317 368.317 2 2 3
29.5119 368.417 368.417 2 2 3
29.4856 368.517 368.517 2 2 3
29.4594 368.617 368.617 2 2 3
29.4331 368.717 368.717 2 2 3
29.4069 368.817 368.817 2 2 3
29.3806 368.917 368.917 2 2 3
29.3543 369.017 369.017 2 2 3
29.328 369.117 369.117 2 2 3
29.3017 369.218 369.218 2 2 3
29.2753 369.318 369.318 2 2 3
29.249 369.418 369.418 2 2 3
29.2226 369.518 369.518 2 2 3
29.1962 369.618 369.618 2 2 3
29.1698 369.719 369.719 2 2 3
29.1434 369.819 369.819 2 2 3
29.1169 369.919 369.919 2 2 3
29.0905 370.019 370.019 2 2 3
29.064 370.12 370.12 2 2 3
29.0376 370.22 370.22 2 2 3
29.0111 370.32 370.32 2 2 3
28.9846 370.421 370.421 2 2 3
28.958 370.521 370.521 2 2 3
28.9315 370.622 370.622 2 2 3
28.905 370.722 370.722 2 2 3
28.8784 370.822 370.822 2 2 3
28.8518 370.923 370.923 2 2 3
28.8252 371.023 371.023 2 2 3
28.7986 371.124 371.124 2 2 3
28.772 371.225 371.225 2 2 3
28.7453 371.325 371.325 2 2 3
28.7187 371.426 371.426 2 2 3
28.692 371.526 371.526 2 2 3
28.6653 371.627 371.627 2 2 3
28.6386 371.728 371.728 2 2 3
28.6119 371.828 371.828 2 2 3
28.5852 371.929 371.929 2 2 3
28.5584 372.03 372.03 2 2 3
28.5317 372.13 372.13 2 2 3
28.5049 372.231 372.231 2 2 3
28.4781 372.332 372.332 2 2 3
28.4513 372.433 372.433 2 2 3
28.4245 372.533 372.533 2 2 3
28.3976 372.634 372.634 2 2 3
28.3708 372.735 372.735 2 2 3
28.3439 372.836 372.836 2 2 3
28.317 372.937 372.937 2 2 3
28.2901 373.038 373.038 2 2 3
28.2632 373.139 373.139 2 2 3
28.2363 373.24 373.24 2 2 3
28.2094 373.341 373.341 2 2 3
28.1824 373.442 373.442 2 2 3
28.1554 373.543 373.543 2 2 3
28.1284 373.644 373.644 2 2 3
28.1014 373.745 373.745 2 2 3
28.0744 373.846 373.846 2 2 3
28.0474 373.947 373.947 2 2 3
28.0203 374.048 374.048 2 2 3
27.9933 374.149 374.149 2 2 3
27.9662 374.25 374.25 2 2 3
27.9391 374.351 374.351 2 2 3
27.912 374.453 374.453 2 2 3
27.8849 374.554 374.554 2 2 3
27.8577 374.655 374.655 2 2 3
27.8306 374.756 374.756 2 2 3
27.8034 374.858 374.858 2 2 3
27.7762 374.959 374.959 2 2 3
27.749 375.06 375.06 2 2 3
27.7218 375.162 375.162 2 2 3
27.6946 375.263 375.263 2 2 3
27.6673 375.364 375.364 2 2 3
27.6401 375.466 375.466 2 2 3
27.6128 375.567 375.567 2 2 3
27.5855 375.669 375.669 2 2 3
27.5582 375.77 375.77 2 2 3
27.5309 375.872 375.872 2 2 3
27.5035 375.973 375.973 2 2 3
27.4762 376.075 376.075 2 2 3
27.4488 376.176 376.176 2 2 3
27.4214 376.278 376.278 2 2 3
27.3941 376.379 376.379 2 2 3
27.3666 376.481 376.481 2 2 3
27.3392 376.583 376.583 2 2 3
27.3118 376.684 376.684 2 2 3
27.2843 376.786 376.786 2 2 3
27.2568 376.888 376.888 2 2 3
27.2294 376.989 376.989 2 2 3
27.2019 377.091 377.091 2 2 3
27.1743 377.193 377.193 2 2 3
27.1468 377.294 377.294 2 2 3
27.1192 377.396 377.396 2 2 3
27.0917 377.498 377.498 2 2 3
27.0641 377.6 377.6 2 2 3
27.0365 377.702 377.702 2 2 3
27.0089 377.804 377.804 2 2 3
26.9813 377.906 377.906 2 2 3
26.9536 378.007 378.007 2 2 3
26.926 378.109 378.109 2 2 3
26.8983 378.211 378.211 2 2 3
26.8706 378.313 378.313 2 2 3
26.8429 378.415 378.415 2 2 3
26.8152 378.517 378.517 2 2 3
26.7875 378.619 378.619 2 2 3
26.7597 378.721 378.721 2 2 3
26.732 378.824 378.824 2 2 3
26.7042 378.926 378.926 2 2 3
26.6764 379.028 379.028 2 2 3
26.6486 379.13 379.13 2 2 3
26.6208 379.232 379.232 2 2 3
26.5929 379.334 379.334 2 2 3
26.5651 379.436 379.436 2 2 3
26.5372 379.539 379.539 2 2 3
26.5093 379.641 379.641 2 2 3
26.4814 379.743 379.743 2 2 3
26.4535 379.846 379.846 2 2 3
26.4256 379.948 379.948 2 2 3
26.3976 380.05 380.05 2 2 3
26.3696 380.153 380.153 2 2 3
26.3417 380.255 380.255 2 2 3
26.3137 380.357 380.357 2 2 3
26.2857 380.46 380.46 2 2 3
26.2576 380.562 380.562 2 2 3
26.2296 380.665 380.665 2 2 3
26.2016 380.767 380.767 2 2 3
26.1735 380.87 380.87 2 2 3
26.1454 380.972 380.972 2 2 3
26.1173 381.075 381.075 2 2 3
26.0892 381.177 381.177 2 2 3
26.061 381.28 381.28 2 2 3
26.0329 381.382 381.382 2 2 3
26.0047 381.485 381.485 2 2 3
25.9766 381.588 381.588 2 2 3
25.9484 381.69 381.69 2 2 3
25.9202 381.793 381.793 2 2 3
25.8919 381.896 381.896 2 2 3
25.8637 381.998 381.998 2 2 3
25.8354 382.101 382.101 2 2 3
25.8072 382.204 382.204 2 2 3
25.7789 382.307 382.307 2 2 3
25.7506 382.409 382.409 2 2 3
25.7223 382.512 382.512 2 2 3
25.6939 382.615 382.615 2 2 3
25.6656 382.718 382.718 2 2 3
25.6372 382.821 382.821 2 2 3
25.6088 382.924 382.924 2 2 3
25.5805 383.027 383.027 2 2 3
25.552 383.13 383.13 2 2 3
25.5236 383.233 383.233 2 2 3
25.4952 383.336 383.336 2 2 3
25.4667 383.439 383.439 2 2 3
25.4382 383.542 383.542 2 2 3
25.4098 383.645 383.645 2 2 3
25.3813 383.748 383.748 2 2 3
25.3527 383.851 383.851 2 2 3
25.3242 383.954 383.954 2 2 3
25.2957 384.057 384.057 2 2 3
25.2671 384.16 384.16 2 2 3
25.2385 384.264 384.264 2 2 3
25.2099 384.367 384.367 2 2 3
25.1813 384.47 384.47 2 2 3
25.1527 384.573 384.573 2 2 3
25.124 384.677 384.677 2 2 3
25.0954 384.78 384.78 2 2 3
25.0667 384.883 384.883 2 2 3
25.038 384.986 384.986 2 2 3
25.0093 385.09 385.09 2 2 3
24.9806 385.193 385.193 2 2 3
24.9519 385.297 385.297 2 2 3
24.9231 385.4 385.4 2 2 3
24.8943 385.503 385.503 2 2 3
24.8655 385.607 385.607 2 2 3
24.8368 385.71 385.71 2 2 3
24.8079 385.814 385.814 2 2 3
24.7791 385.917 385.917 2 2 3
24.7503 386.021 386.021 2 2 3
24.7214 386.125 386.125 2 2 3
24.6925 386.228 386.228 2 2 3
24.6636 386.332 386.332 2 2 3
24.6347 386.435 386.435 2 2 3
24.6058 386.539 386.539 2 2 3
24.5769 386.643 386.643 2 2 3
24.5479 386.746 386.746 2 2 3
24.5189 386.85 386.85 2 2 3
24.49 386.954 386.954 2 2 3
24.4609 387.058 387.058 2 2 3
24.4319 387.161 387.161 2 2 3
24.4029 387.265 387.265 2 2 3
24.3738 387.369 387.369 2 2 3
24.3448 387.473 387.473 2 2 3
24.3157 387.577 387.577 2 2 3
24.2866 387.68 387.68 2 2 3
24.2575 387.784 387.784 2 2 3
24.2284 387.888 387.888 2 2 3
24.1992 387.992 387.992 2 2 3
24.1701 388.096 388.096 2 2 3
24.1409 388.2 388.2 2 2 3
24.1117 388.304 388.304 2 2 3
24.0825 388.408 388.408 2 2 3
24.0533 388.512 388.512 2 2 3
24.024 388.616 388.616 2 2 3
23.9948 388.72 388.72 2 2 3
23.9655 388.824 388.824 2 2 3
23.9362 388.929 388.929 2 2 3
23.9069 389.033 389.033 2 2 3
23.8776 389.137 389.137 2 2 3
23.8483 389.241 389.241 2 2 3
23.8189 389.345 389.345 2 2 3
23.7896 389.45 389.45 2 2 3
23.7602 389.554 389.554 2 2 3
23.7308 389.658 389.658 2 2 3
23.7014 389.762 389.762 2 2 3
23.672 389.867 389.867 2 2 3
23.6425 389.971 389.971 2 2 3
23.6131 390.075 390.075 2 2 3
23.5836 390.18 390.18 2 2 3
23.5541 390.284 390.284 2 2 3
23.5246 390.389 390.389 2 2 3
23.4951 390.493 390.493 2 2 3
23.4655 390.598 390.598 2 2 3
23.436 390.702 390.702 2 2 3
23.4064 390.806 390.806 2 2 3
23.3768 390.911 390.911 2 2 3
23.3472 391.016 391.016 2 2 3
23.3176 391.12 391.12 2 2 3
23.288 391.225 391.225 2 2 3
23.2583 391.329 391.329 2 2 3
23.2287 391.434 391.434 2 2 3
23.199 391.539 391.539 2 2 3
23.1693 391.643 391.643 2 2 3
23.1396 391.748 391.748 2 2 3
23.1099 391.853 391.853 2 2 3
23.0801 391.957 391.957 2 2 3
23.0504 392.062 392.062 2 2 3
23.0206 392.167 392.167 2 2 3
22.9908 392.272 392.272 2 2 3
22.961 392.377 392.377 2 2 3
22.9312 392.481 392.481 2 2 3
22.9013 392.586 392.586 2 2 3
22.8715 392.691 392.691 2 2 3
22.8416 392.796 392.796 2 2 3
22.8117 392.901 392.901 2 2 3
22.7818 393.006 393.006 2 2 3
22.7519 393.111 393.111 2 2 3
22.722 393.216 393.216 2 2 3
22.692 393.321 393.321 2 2 3
22.6621 393.426 393.426 2 2 3
22.6321 393.531 393.531 2 2 3
22.6021 393.636 393.636 2 2 3
22.5721 393.741 393.741 2 2 3
22.542 393.846 393.846 2 2 3
22.512 393.952 393.952 2 2 3
22.4819 394.057 394.057 2 2 3
22.4519 394.162 394.162 2 2 3
22.4218 394.267 394.267 2 2 3
22.3917 394.372 394.372 2 2 3
22.3615 394.478 394.478 2 2 3
22.3314 394.583 394.583 2 2 3
22.3012 394.688 394.688 2 2 3
22.2711 394.793 394.793 2 2 3
22.2409 394.899 394.899 2 2 3
22.2107 395.004 395.004 2 2 3
22.1805 395.11 395.11 2 2 3
22.1502 395.215 395.215 2 2 3
22.12 395.32 395.32 2 2 3
22.0897 395.426 395.426 2 2 3
22.0594 395.531 395.531 2 2 3
22.0291 395.637 395.637 2 2 3
21.9988 395.742 395.742 2 2 3
21.9685 395.848 395.848 2 2 3
21.9381 395.953 395.953 2 2 3
21.9077 396.059 396.059 2 2 3
21.8774 396.165 396.165 2 2 3
21.847 396.27 396.27 2 2 3
21.8166 396.376 396.376 2 2 3
21.7861 396.481 396.481 2 2 3
21.7557 396.587 396.587 2 2 3
21.7252 396.693 396.693 2 2 3
21.6947 396.798 396.798 2 2 3
21.6643 396.904 396.904 2 2 3
21.6337 397.01 397.01 2 2 3
21.6032 397.116 397.116 2 2 3
21.5727 397.222 397.222 2 2 3
21.5421 397.327 397.327 2 2 3
21.5115 397.433 397.433 2 2 3
21.481 397.539 397.539 2 2 3
21.4504 397.645 397.645 2 2 3
21.4197 397.751 397.751 2 2 3
21.3891 397.857 397.857 2 2 3
21.3584 397.963 397.963 2 2 3
21.3278 398.069 398.069 2 2 3
21.2971 398.175 398.175 2 2 3
21.2664 398.281 398.281 2 2 3
21.2357 398.387 398.387 2 2 3
21.2049 398.493 398.493 2 2 3
21.1742 398.599 398.599 2 2 3
21.1434 398.705 398.705 2 2 3
21.1126 398.811 398.811 2 2 3
21.0818 398.917 398.917 2 2 3
21.051 399.024 399.024 2 2 3
21.0202 399.13 399.13 2 2 3
20.9893 399.236 399.236 2 2 3
20.9585 399.342 399.342 2 2 3
20.9276 399.448 399.448 2 2 3
20.8967 399.555 399.555 2 2 3
20.8658 399.661 399.661 2 2 3
20.8348 399.767 399.767 2 2 3
20.8039 399.874 399.874 2 2 3
20.7729 399.98 399.98 2 2 3
20.742 400.086 400.086 2 2 3
20.711 400.193 400.193 2 2 3
20.68 400.299 400.299 2 2 3
20.6489 400.406 400.406 2 2 3
20.6179 400.512 400.512 2 2 3
20.5868 400.619 400.619 2 2 3
20.5558 400.725 400.725 2 2 3
20.5247 400.832 400.832 2 2 3
20.4936 400.938 400.938 2 2 3
20.4624 401.045 401.045 2 2 3
20.4313 401.151 401.151 2 2 3
20.4001 401.258 401.258 2 2 3
20.369 401.365 401.365 2 2 3
20.3378 401.471 401.471 2 2 3
20.3066 401.578 401.578 2 2 3
20.2754 401.685 401.685 2 2 3
20.2441 401.791 401.791 2 2 3
20.2129 401.898 401.898 2 2 3
20.1816 402.005 402.005 2 2 3
20.1503 402.112 402.112 2 2 3
20.119 402.219 402.219 2 2 3
20.0877 402.325 402.325 2 2 3
20.0563 402.432 402.432 2 2 3
20.025 402.539 402.539 2 2 3
19.9936 402.646 402.646 2 2 3
19.9622 402.753 402.753 2 2 3
19.9308 402.86 402.86 2 2 3
19.8994 402.967 402.967 2 2 3
19.868 403.074 403.074 2 2 3
19.8365 403.181 403.181 2 2 3
19.8051 403.288 403.288 2 2 3
19.7736 403.395 403.395 2 2 3
19.7421 403.502 403.502 2 2 3
19.7106 403.609 403.609 2 2 3
19.6791 403.716 403.716 2 2 3
19.6475 403.823 403.823 2 2 3
19.6159 403.93 403.93 2 2 3
19.5844 404.038 404.038 2 2 3
19.5528 404.145 404.145 2 2 3
19.5212 404.252 404.252 2 2 3
19.4895 404.359 404.359 2 2 3
19.4579 404.467 404.467 2 2 3
19.4262 404.574 404.574 2 2 3
19.3945 404.681 404.681 2 2 3
19.3628 404.789 404.789 2 2 3
19.3311 404.896 404.896 2 2 3
19.2994 405.003 405.003 2 2 3
19.2677 405.111 405.111 2 2 3
19.2359 405.218 405.218 2 2 3
19.2041 405.325 405.325 2 2 3
19.1723 405.433 405.433 2 2 3
19.1405 405.54 405.54 2 2 3
19.1087 405.648 405.648 2 2 3
19.0768 405.755 405.755 2 2 3
19.045 405.863 405.863 2 2 3
19.0131 405.971 405.971 2 2 3
18.9812 406.078 406.078 2 2 3
18.9493 406.186 406.186 2 2 3
18.9174 406.293 406.293 2 2 3
18.8854 406.401 406.401 2 2 3
18.8535 406.509 406.509 2 2 3
18.8215 406.616 406.616 2 2 3
18.7895 406.724 406.724 2 2 3
18.7575 406.832 406.832 2 2 3
18.7255 406.94 406.94 2 2 3
18.6934 407.047 407.047 2 2 3
18.6614 407.155 407.155 2 2 3
18.6293 407.263 407.263 2 2 3
18.5972 407.371 407.371 2 2 3
18.5651 407.479 407.479 2 2 3
18.533 407.587 407.587 2 2 3
18.5009 407.695 407.695 2 2 3
18.4687 407.803 407.803 2 2 3
18.4365 407.911 407.911 2 2 3
18.4043 408.019 408.019 2 2 3
18.3721 408.127 408.127 2 2 3
18.3399 408.235 408.235 2 2 3
18.3077 408.343 408.343 2 2 3
18.2754 408.451 408.451 2 2 3
18.2431 408.559 408.559 2 2 3
18.2109 408.667 408.667 2 2 3
18.1785 408.775 408.775 2 2 3
18.1462 408.883 408.883 2 2 3
18.1139 408.991 408.991 2 2 3
18.0815 409.1 409.1 2 2 3
18.0492 409.208 409.208 2 2 3
18.0168 409.316 409.316 2 2 3
17.9844 409.424 409.424 2 2 3
17.9519 409.533 409.533 2 2 3
17.9195 409.641 409.641 2 2 3
17.8871 409.749 409.749 2 2 3
17.8546 409.858 409.858 2 2 3
17.8221 409.966 409.966 2 2 3
17.7896 410.074 410.074 2 2 3
17.7571 410.183 410.183 2 2 3
17.7245 410.291 410.291 2 2 3
17.692 410.4 410.4 2 2 3
17.6594 410.508 410.508 2 2 3
17.6268 410.617 410.617 2 2 3
17.5942 410.725 410.725 2 2 3
17.5616 410.834 410.834 2 2 3
17.5289 410.942 410.942 2 2 3
17.4963 411.051 411.051 2 2 3
17.4636 411.16 411.16 2 2 3
17.4309 411.268 411.268 2 2 3
17.3982 411.377 411.377 2 2 3
17.3655 411.485 411.485 2 2 3
17.3328 411.594 411.594 2 2 3
17.3 411.703 411.703 2 2 3
17.2672 411.812 411.812 2 2 3
17.2345 411.92 411.92 2 2 3
17.2017 412.029 412.029 2 2 3
17.1688 412.138 412.138 2 2 3
17.136 412.247 412.247 2 2 3
17.1031 412.356 412.356 2 2 3
17.0703 412.465 412.465 2 2 3
17.0374 412.573 412.573 2 2 3
17.0045 412.682 412.682 2 2 3
16.9716 412.791 412.791 2 2 3
16.9386 412.9 412.9 2 2 3
16.9057 413.009 413.009 2 2 3
16.8727 413.118 413.118 2 2 3
16.8397 413.227 413.227 2 2 3
16.8067 413.336 413.336 2 2 3
16.7737 413.445 413.445 2 2 3
16.7406 413.555 413.555 2 2 3
16.7076 413.664 413.664 2 2 3
16.6745 413.773 413.773 2 2 3
16.6414 413.882 413.882 2 2 3
16.6083 413.991 413.991 2 2 3
16.5752 414.1 414.1 2 2 3
16.542 414.21 414.21 2 2 3
16.5089 414.319 414.319 2 2 3
16.4757 414.428 414.428 2 2 3
16.4425 414.537 414.537 2 2 3
16.4093 414.647 414.647 2 2 3
16.3761 414.756 414.756 2 2 3
16.3428 414.865 414.865 2 2 3
16.3096 414.975 414.975 2 2 3
16.2763 415.084 415.084 2 2 3
16.243 415.194 415.194 2 2 3
16.2097 415.303 415.303 2 2 3
16.1764 415.413 415.413 2 2 3
16.143 415.522 415.522 2 2 3
16.1097 415.632 415.632 2 2 3
16.0763 415.741 415.741 2 2 3
16.0429 415.851 415.851 2 2 3
16.0095 415.96 415.96 2 2 3
15.9761 416.07 416.07 2 2 3
15.9426 416.18 416.18 2 2 3
15.9092 416.289 416.289 2 2 3
15.8757 416.399 416.399 2 2 3
15.8422 416.509 416.509 2 2 3
15.8087 416.618 416.618 2 2 3
15.7752 416.728 416.728 2 2 3
15.7416 416.838 416.838 2 2 3
15.7081 416.948 416.948 2 2 3
15.6745 417.057 417.057 2 2 3
15.6409 417.167 417.167 2 2 3
15.6073 417.277 417.277 2 2 3
15.5736 417.387 417.387 2 2 3
15.54 417.497 417.497 2 2 3
15.5063 417.607 417.607 2 2 3
15.4726 417.717 417.717 2 2 3
15.439 417.827 417.827 2 2 3
15.4052 417.937 417.937 2 2 3
15.3715 418.047 418.047 2 2 3
15.3378 418.157 418.157 2 2 3
15.304 418.267 418.267 2 2 3
15.2702 418.377 418.377 2 2 3
15.2364 418.487 418.487 2 2 3
15.2026 418.597 418.597 2 2 3
15.1688 418.707 418.707 2 2 3
15.1349 418.817 418.817 2 2 3
15.101 418.927 418.927 2 2 3
15.0672 419.038 419.038 2 2 3
15.0333 419.148 419.148 2 2 3
14.9993 419.258 419.258 2 2 3
14.9654 419.368 419.368 2 2 3
14.9315 419.479 419.479 2 2 3
14.8975 419.589 419.589 2 2 3
14.8635 419.699 419.699 2 2 3
14.8295 419.81 419.81 2 2 3
14.7955 419.92 419.92 2 2 3
14.7614 420.03 420.03 2 2 3
14.7274 420.141 420.141 2 2 3
14.6933 420.251 420.251 2 2 3
14.6592 420.362 420.362 2 2 3
14.6251 420.472 420.472 2 2 3
14.591 420.583 420.583 2 2 3
14.5568 420.693 420.693 2 2 3
14.5227 420.804 420.804 2 2 3
14.4885 420.914 420.914 2 2 3
14.4543 421.025 421.025 2 2 3
14.4201 421.136 421.136 2 2 3
14.3859 421.246 421.246 2 2 3
14.3516 421.357 421.357 2 2 3
14.3174 421.468 421.468 2 2 3
14.2831 421.578 421.578 2 2 3
14.2488 421.689 421.689 2 2 3
14.2145 421.8 421.8 2 2 3
14.1802 421.911 421.911 2 2 3
14.1458 422.021 422.021 2 2 3
14.1115 422.132 422.132 2 2 3
14.0771 422.243 422.243 2 2 3
14.0427 422.354 422.354 2 2 3
14.0083 422.465 422.465 2 2 3
13.9738 422.576 422.576 2 2 3
13.9394 422.687 422.687 2 2 3
13.9049 422.798 422.798 2 2 3
13.8704 422.909 422.909 2 2 3
13.836 423.02 423.02 2 2 3
13.8014 423.131 423.131 2 2 3
13.7669 423.242 423.242 2 2 3
13.7323 423.353 423.353 2 2 3
13.6978 423.464 423.464 2 2 3
13.6632 423.575 423.575 2 2 3
13.6286 423.686 423.686 2 2 3
13.594 423.797 423.797 2 2 3
13.5593 423.908 423.908 2 2 3
13.5247 424.02 424.02 2 2 3
13.49 424.131 424.131 2 2 3
13.4553 424.242 424.242 2 2 3
13.4206 424.353 424.353 2 2 3
13.3859 424.465 424.465 2 2 3
13.3511 424.576 424.576 2 2 3
13.3164 424.687 424.687 2 2 3
13.2816 424.799 424.799 2 2 3
13.2468 424.91 424.91 2 2 3
13.212 425.022 425.022 2 2 3
13.1772 425.133 425.133 2 2 3
13.1423 425.244 425.244 2 2 3
13.1075 425.356 425.356 2 2 3
13.0726 425.467 425.467 2 2 3
13.0377 425.579 425.579 2 2 3
13.0028 425.69 425.69 2 2 3
12.9678 425.802 425.802 2 2 3
12.9329 425.914 425.914 2 2 3
12.8979 426.025 426.025 2 2 3
12.863 426.137 426.137 2 2 3
12.828 426.248 426.248 2 2 3
12.7929 426.36 426.36 2 2 3
12.7579 426.472 426.472 2 2 3
12.7228 426.584 426.584 2 2 3
12.6878 426.695 426.695 2 2 3
12.6527 426.807 426.807 2 2 3
12.6176 426.919 426.919 2 2 3
12.5825 427.031 427.031 2 2 3
12.5473 427.142 427.142 2 2 3
12.5122 427.254 427.254 2 2 3
12.477 427.366 427.366 2 2 3
12.4418 427.478 427.478 2 2 3
12.4066 427.59 427.59 2 2 3
12.3714 427.702 427.702 2 2 3
12.3361 427.814 427.814 2 2 3
12.3009 427.926 427.926 2 2 3
12.2656 428.038 428.038 2 2 3
12.2303 428.15 428.15 2 2 3
12.195 428.262 428.262 2 2 3
12.1596 428.374 428.374 2 2 3
12.1243 428.486 428.486 2 2 3
12.0889 428.598 428.598 2 2 3
12.0535 428.711 428.711 2 2 3
12.0181 428.823 428.823 2 2 3
11.9827 428.935 428.935 2 2 3
11.9473 429.047 429.047 2 2 3
11.9118 429.159 429.159 2 2 3
11.8764 429.272 429.272 2 2 3
11.8409 429.384 429.384 2 2 3
11.8054 429.496 429.496 2 2 3
11.7699 429.609 429.609 2 2 3
11.7343 429.721 429.721 2 2 3
11.6988 429.833 429.833 2 2 3
11.6632 429.946 429.946 2 2 3
11.6276 430.058 430.058 2 2 3
11.592 430.17 430.17 2 2 3
11.5564 430.283 430.283 2 2 3
11.5207 430.395 430.395 2 2 3
11.485 430.508 430.508 2 2 3
11.4494 430.62 430.62 2 2 3
11.4137 430.733 430.733 2 2 3
11.378 430.846 430.846 2 2 3
11.3422 430.958 430.958 2 2 3
11.3065 431.071 431.071 2 2 3
11.2707 431.183 431.183 2 2 3
11.2349 431.296 431.296 2 2 3
11.1991 431.409 431.409 2 2 3
11.1633 431.522 431.522 2 2 3
11.1275 431.634 431.634 2 2 3
11.0916 431.747 431.747 2 2 3
11.0557 431.86 431.86 2 2 3
11.0198 431.973 431.973 2 2 3
10.9839 432.085 432.085 2 2 3
10.948 432.198 432.198 2 2 3
10.9121 432.311 432.311 2 2 3
10.8761 432.424 432.424 2 2 3
10.8401 432.537 432.537 2 2 3
10.8041 432.65 432.65 2 2 3
10.7681 432.763 432.763 2 2 3
10.7321 432.876 432.876 2 2 3
10.696 432.989 432.989 2 2 3
10.66 433.102 433.102 2 2 3
10.6239 433.215 433.215 2 2 3
10.5878 433.328 433.328 2 2 3
10.5517 433.441 433.441 2 2 3
10.5155 433.554 433.554 2 2 3
10.4794 433.667 433.667 2 2 3
10.4432 433.781 433.781 2 2 3
10.407 433.894 433.894 2 2 3
10.3708 434.007 434.007 2 2 3
10.3346 434.12 434.12 2 2 3
10.2983 434.233 434.233 2 2 3
10.2621 434.347 434.347 2 2 3
10.2258 434.46 434.46 2 2 3
10.1895 434.573 434.573 2 2 3
10.1532 434.687 434.687 2 2 3
10.1169 434.8 434.8 2 2 3
10.0805 434.913 434.913 2 2 3
10.0441 435.027 435.027 2 2 3
10.0078 435.14 435.14 2 2 3
9.97136 435.254 435.254 2 2 3
9.93494 435.367 435.367 2 2 3
9.8985 435.481 435.481 2 2 3
9.86205 435.594 435.594 2 2 3
9.82558 435.708 435.708 2 2 3
9.78909 435.821 435.821 2 2 3
9.75258 435.935 435.935 2 2 3
9.71605 436.049 436.049 2 2 3
9.67951 436.162 436.162 2 2 3
9.64295 436.276 436.276 2 2 3
9.60637 436.39 436.39 2 2 3
9.56977 436.503 436.503 2 2 3
9.53316 436.617 436.617 2 2 3
9.49652 436.731 436.731 2 2 3
9.45987 436.845 436.845 2 2 3
9.4232 436.958 436.958 2 2 3
9.38652 437.072 437.072 2 2 3
9.34981 437.186 437.186 2 2 3
9.31309 437.3 437.3 2 2 3
9.27635 437.414 437.414 2 2 3
9.2396 437.528 437.528 2 2 3
9.20282 437.642 437.642 2 2 3
9.16603 437.756 437.756 2 2 3
9.12922 437.87 437.87 2 2 3
9.09239 437.984 437.984 2 2 3
9.05554 438.098 438.098 2 2 3
9.01868 438.212 438.212 2 2 3
8.9818 438.326 438.326 2 2 3
8.9449 438.44 438.44 2 2 3
8.90798 438.554 438.554 2 2 3
8.87105 438.668 438.668 2 2 3
8.83409 438.782 438.782 2 2 3
8.79712 438.897 438.897 2 2 3
8.76013 439.011 439.011 2 2 3
8.72312 439.125 439.125 2 2 3
8.6861 439.239 439.239 2 2 3
8.64906 439.354 439.354 2 2 3
8.612 439.468 439.468 2 2 3
8.57492 439.582 439.582 2 2 3
8.53782 439.697 439.697 2 2 3
8.50071 439.811 439.811 2 2 3
8.46357 439.925 439.925 2 2 3
8.42642 440.04 440.04 2 2 3
8.38926 440.154 440.154 2 2 3
8.35207 440.269 440.269 2 2 3
8.31487 440.383 440.383 2 2 3
8.27764 440.498 440.498 2 2 3
8.24041 440.612 440.612 2 2 3
8.20315 440.727 440.727 2 2 3
8.16587 440.841 440.841 2 2 3
8.12858 440.956 440.956 2 2 3
8.09127 441.071 441.071 2 2 3
8.05394 441.185 441.185 2 2 3
8.01659 441.3 441.3 2 2 3
7.97922 441.415 441.415 2 2 3
7.94184 441.529 441.529 2 2 3
7.90444 441.644 441.644 2 2 3
7.86702 441.759 441.759 2 2 3
7.82958 441.874 441.874 2 2 3
7.79213 441.989 441.989 2 2 3
7.75465 442.103 442.103 2 2 3
7.71716 442.218 442.218 2 2 3
7.67965 442.333 442.333 2 2 3
7.64213 442.448 442.448 2 2 3
7.60458 442.563 442.563 2 2 3
7.56702 442.678 442.678 2 2 3
7.52943 442.793 442.793 2 2 3
7.49184 442.908 442.908 2 2 3
7.45422 443.023 443.023 2 2 3
7.41658 443.138 443.138 2 2 3
7.37893 443.253 443.253 2 2 3
7.34126 443.368 443.368 2 2 3
7.30357 443.483 443.483 2 2 3
7.26586 443.598 443.598 2 2 3
7.22813 443.714 443.714 2 2 3
7.19039 443.829 443.829 2 2 3
7.15263 443.944 443.944 2 2 3
7.11485 444.059 444.059 2 2 3
7.07705 444.174 444.174 2 2 3
7.03923 444.29 444.29 2 2 3
7.0014 444.405 444.405 2 2 3
6.96354 444.52 444.52 2 2 3
6.92567 444.636 444.636 2 2 3
6.88778 444.751 444.751 2 2 3
6.84988 444.866 444.866 2 2 3
6.81195 444.982 444.982 2 2 3
6.77401 445.097 445.097 2 2 3
6.73605 445.213 445.213 2 2 3
6.69807 445.328 445.328 2 2 3
6.66007 445.444 445.444 2 2 3
6.62205 445.559 445.559 2 2 3
6.58402 445.675 445.675 2 2 3
6.54597 445.79 445.79 2 2 3
6.5079 445.906 445.906 2 2 3
6.46981 446.022 446.022 2 2 3
6.4317 446.137 446.137 2 2 3
6.39358 446.253 446.253 2 2 3
6.35543 446.369 446.369 2 2 3
6.31727 446.484 446.484 2 2 3
6.27909 446.6 446.6 2 2 3
6.2409 446.716 446.716 2 2 3
6.20268 446.832 446.832 2 2 3
6.16445 446.947 446.947 2 2 3
6.12619 447.063 447.063 2 2 3
6.08792 447.179 447.179 2 2 3
6.04963 447.295 447.295 2 2 3
6.01133 447.411 447.411 2 2 3
5.973 447.527 447.527 2 2 3
5.93466 447.643 447.643 2 2 3
5.8963 447.759 447.759 2 2 3
5.85792 447.875 447.875 2 2 3
5.81952 447.991 447.991 2 2 3
5.7811 448.107 448.107 2 2 3
5.74267 448.223 448.223 2 2 3
5.70421 448.339 448.339 2 2 3
5.66574 448.455 448.455 2 2 3
5.62725 448.571 448.571 2 2 3
5.58875 448.687 448.687 2 2 3
5.55022 448.804 448.804 2 2 3
5.51168 448.92 448.92 2 2 3
5.47311 449.036 449.036 2 2 3
5.43453 449.152 449.152 2 2 3
5.39593 449.268 449.268 2 2 3
5.35731 449.385 449.385 2 2 3
5.31868 449.501 449.501 2 2 3
5.28002 449.617 449.617 2 2 3
5.24135 449.734 449.734 2 2 3
5.20266 449.85 449.85 2 2 3
5.16395 449.967 449.967 2 2 3
5.12522 450.083 450.083 2 2 3
5.08648 450.199 450.199 2 2 3
5.04771 450.316 450.316 2 2 3
5.00893 450.432 450.432 2 2 3
4.97013 450.549 450.549 2 2 3
4.93131 450.666 450.666 2 2 3
4.89247 450.782 450.782 2 2 3
4.85361 450.899 450.899 2 2 3
4.81474 451.015 451.015 2 2 3
4.77585 451.132 451.132 2 2 3
4.73694 451.249 451.249 2 2 3
4.69801 451.365 451.365 2 2 3
4.65906 451.482 451.482 2 2 3
4.62009 451.599 451.599 2 2 3
4.58111 451.716 451.716 2 2 3
4.5421 451.832 451.832 2 2 3
4.50308 451.949 451.949 2 2 3
4.46404 452.066 452.066 2 2 3
4.42498 452.183 452.183 2 2 3
4.3859 452.3 452.3 2 2 3
4.34681 452.417 452.417 2 2 3
4.30769 452.534 452.534 2 2 3
4.26856 452.651 452.651 2 2 3
4.22941 452.768 452.768 2 2 3
4.19024 452.885 452.885 2 2 3
4.15105 453.002 453.002 2 2 3
4.11185 453.119 453.119 2 2 3
4.07262 453.236 453.236 2 2 3
4.03338 453.353 453.353 2 2 3
3.99412 453.47 453.47 2 2 3
3.95484 453.587 453.587 2 2 3
3.91554 453.704 453.704 2 2 3
3.87622 453.821 453.821 2 2 3
3.83688 453.939 453.939 2 2 3
3.79753 454.056 454.056 2 2 3
3.75815 454.173 454.173 2 2 3
3.71876 454.29 454.29 2 2 3
3.67935 454.408 454.408 2 2 3
3.63992 454.525 454.525 2 2 3
3.60048 454.642 454.642 2 2 3
3.56101 454.76 454.76 2 2 3
3.52153 454.877 454.877 2 2 3
3.48202 454.995 454.995 2 2 3
3.4425 455.112 455.112 2 2 3
3.40296 455.229 455.229 2 2 3
3.3634 455.347 455.347 2 2 3
3.32383 455.465 455.465 2 2 3
3.28423 455.582 455.582 2 2 3
3.24462 455.7 455.7 2 2 3
3.20498 455.817 455.817 2 2 3
3.16533 455.935 455.935 2 2 3
3.12566 456.052 456.052 2 2 3
3.08597 456.17 456.17 2 2 3
3.04627 456.288 456.288 2 2 3
3.00654 456.405 456.405 2 2 3
2.9668 456.523 456.523 2 2 3
2.92703 456.641 456.641 2 2 3
2.88725 456.759 456.759 2 2 3
2.84745 456.877 456.877 2 2 3
2.80763 456.994 456.994 2 2 3
2.76779 457.112 457.112 2 2 3
2.72794 457.23 457.23 2 2 3
2.68806 457.348 457.348 2 2 3
2.64817 457.466 457.466 2 2 3
2.60825 457.584 457.584 2 2 3
2.56832 457.702 457.702 2 2 3
2.52837 457.82 457.82 2 2 3
2.48841 457.938 457.938 2 2 3
2.44842 458.056 458.056 2 2 3
2.40841 458.174 458.174 2 2 3
2.36839 458.292 458.292 2 2 3
2.32834 458.41 458.41 2 2 3
2.28828 458.528 458.528 2 2 3
2.2482 458.646 458.646 2 2 3
2.2081 458.765 458.765 2 2 3
2.16798 458.883 458.883 2 2 3
2.12785 459.001 459.001 2 2 3
2.08769 459.119 459.119 2 2 3
2.04752 459.238 459.238 2 2 3
2.00732 459.356 459.356 2 2 3
1.96711 459.474 459.474 2 2 3
1.92688 459.592 459.592 2 2 3
1.88663 459.711 459.711 2 2 3
1.84636 459.829 459.829 2 2 3
1.80608 459.948 459.948 2 2 3
1.76577 460.066 460.066 2 2 3
1.72545 460.185 460.185 2 2 3
1.6851 460.303 460.303 2 2 3
1.64474 460.422 460.422 2 2 3
1.60436 460.54 460.54 2 2 3
1.56396 460.659 460.659 2 2 3
1.52354 460.777 460.777 2 2 3
1.4831 460.896 460.896 2 2 3
1.44265 461.014 461.014 2 2 3
1.40217 461.133 461.133 2 2 3
1.36168 461.252 461.252 2 2 3
1.32117 461.37 461.37 2 2 3
1.28063 461.489 461.489 2 2 3
1.24008 461.608 461.608 2 2 3
1.19951 461.727 461.727 2 2 3
1.15893 461.846 461.846 2 2 3
1.11832 461.964 461.964 2 2 3
1.07769 462.083 462.083 2 2 3
1.03705 462.202 462.202 2 2 3
0.996385 462.321 462.321 2 2 3
0.955702 462.44 462.44 2 2 3
0.915001 462.559 462.559 2 2 3
0.87428 462.678 462.678 2 2 3
0.833522 462.797 462.797 2 2 3
0.792764 462.916 462.916 2 2 3
0.751987 463.035 463.035 2 2 3
0.711192 463.154 463.154 2 2 3
0.670377 463.273 463.273 2 2 3
0.629543 463.392 463.392 2 2 3
0.58869 463.511 463.511 2 2 3
0.547819 463.63 463.63 2 2 3
0.506928 463.75 463.75 2 2 3
0.466019 463.869 463.869 2 2 3
0.42509 463.988 463.988 2 2 3
0.384143 464.107 464.107 2 2 3
0.343176 464.226 464.226 2 2 3
0.302191 464.346 464.346 2 2 3
0.261187 464.465 464.465 2 2 3
0.220163 464.584 464.584 2 2 3
0.179121 464.704 464.704 2 2 3
0.13806 464.823 464.823 2 2 3
0.0969796 464.943 464.943 2 2 3
0.0558804 465.062 465.062 2 2 3
0.0147622 465.182 465.182 2 2 3
-0.0263749 465.301 465.301 2 2 3
