24.3732 212 212 2 2 3
24.3534 212.135 212.135 2 2 3
24.3435 212.202 212.202 2 2 3
24.3336 212.269 212.269 2 2 3
24.3236 212.337 212.337 2 2 3
24.3137 212.404 212.404 2 2 3
24.3037 212.471 212.471 2 2 3
24.2938 212.539 212.539 2 2 3
24.2838 212.606 212.606 2 2 3
24.2738 212.674 212.674 2 2 3
24.2638 212.741 212.741 2 2 3
24.2538 212.809 212.809 2 2 3
24.2438 212.876 212.876 2 2 3
24.2338 212.944 212.944 2 2 3
24.2238 213.011 213.011 2 2 3
24.2138 213.079 213.079 2 2 3
24.2037 213.146 213.146 2 2 3
24.1937 213.214 213.214 2 2 3
24.1836 213.281 213.281 2 2 3
24.1736 213.349 213.349 2 2 3
24.1635 213.417 213.417 2 2 3
24.1534 213.484 213.484 2 2 3
24.1433 213.552 213.552 2 2 3
24.1333 213.62 213.62 2 2 3
24.1231 213.687 213.687 2 2 3
24.113 213.755 213.755 2 2 3
24.1029 213.823 213.823 2 2 3
24.0928 213.89 213.89 2 2 3
24.0827 213.958 213.958 2 2 3
24.0725 214.026 214.026 2 2 3
24.0624 214.094 214.094 2 2 3
24.0522 214.161 214.161 2 2 3
24.042 214.229 214.229 2 2 3
24.0319 214.297 214.297 2 2 3
24.0217 214.365 214.365 2 2 3
24.0115 214.433 214.433 2 2 3
24.0013 214.5 214.5 2 2 3
23.9911 214.568 214.568 2 2 3
23.9808 214.636 214.636 2 2 3
23.9706 214.704 214.704 2 2 3
23.9604 214.772 214.772 2 2 3
23.9501 214.84 214.84 2 2 3
23.9399 214.908 214.908 2 2 3
23.9296 214.976 214.976 2 2 3
23.9193 215.044 215.044 2 2 3
23.9091 215.112 215.112 2 2 3
23.8988 215.18 215.18 2 2 3
23.8885 215.248 215.248 2 2 3
23.8782 215.316 215.316 2 2 3
23.8679 215.384 215.384 2 2 3
23.8576 215.452 215.452 2 2 3
23.8472 215.52 215.52 2 2 3
23.8369 215.588 215.588 2 2 3
23.8265 215.656 215.656 2 2 3
23.8162 215.724 215.724 2 2 3
23.8058 215.792 215.792 2 2 3
23.7955 215.86 215.86 2 2 3
23.7851 215.929 215.929 2 2 3
23.7747 215.997 215.997 2 2 3
23.7643 216.065 216.065 2 2 3
23.7539 216.133 216.133 2 2 3
23.7435 216.201 216.201 2 2 3
23.7331 216.269 216.269 2 2 3
23.7226 216.338 216.338 2 2 3
23.7122 216.406 216.406 2 2 3
23.7018 216.474 216.474 2 2 3
23.6913 216.543 216.543 2 2 3
23.6808 216.611 216.611 2 2 3
23.6704 216.679 216.679 2 2 3
23.6599 216.748 216.748 2 2 3
23.6494 216.816 216.816 2 2 3
23.6389 216.884 216.884 2 2 3
23.6284 216.953 216.953 2 2 3
23.6179 217.021 217.021 2 2 3
23.6074 217.089 217.089 2 2 3
23.5968 217.158 217.158 2 2 3
23.5863 217.226 217.226 2 2 3
23.5757 217.295 217.295 2 2 3
23.5652 217.363 217.363 2 2 3
23.5546 217.432 217.432 2 2 3
23.5441 217.5 217.5 2 2 3
23.5335 217.569 217.569 2 2 3
23.5229 217.637 217.637 2 2 3
23.5123 217.706 217.706 2 2 3
23.5017 217.774 217.774 2 2 3
23.4911 217.843 217.843 2 2 3
23.4804 217.911 217.911 2 2 3
23.4698 217.98 217.98 2 2 3
23.4592 218.049 218.049 2 2 3
23.4485 218.117 218.117 2 2 3
23.4379 218.186 218.186 2 2 3
23.4272 218.255 218.255 2 2 3
23.4165 218.323 218.323 2 2 3
23.4058 218.392 218.392 2 2 3
23.3952 218.461 218.461 2 2 3
23.3845 218.529 218.529 2 2 3
23.3737 218.598 218.598 2 2 3
23.363 218.667 218.667 2 2 3
23.3523 218.736 218.736 2 2 3
23.3416 218.804 218.804 2 2 3
23.3308 218.873 218.873 2 2 3
23.3201 218.942 218.942 2 2 3
23.3093 219.011 219.011 2 2 3
23.2986 219.08 219.08 2 2 3
23.2878 219.148 219.148 2 2 3
23.277 219.217 219.217 2 2 3
23.2662 219.286 219.286 2 2 3
23.2554 219.355 219.355 2 2 3
23.2446 219.424 219.424 2 2 3
23.2338 219.493 219.493 2 2 3
23.2229 219.562 219.562 2 2 3
23.2121 219.631 219.631 2 2 3
23.2013 219.7 219.7 2 2 3
23.1904 219.769 219.769 2 2 3
23.1795 219.838 219.838 2 2 3
23.1687 219.907 219.907 2 2 3
23.1578 219.976 219.976 2 2 3
23.1469 220.045 220.045 2 2 3
23.136 220.114 220.114 2 2 3
23.1251 220.183 220.183 2 2 3
23.1142 220.252 220.252 2 2 3
23.1033 220.321 220.321 2 2 3
23.0923 220.39 220.39 2 2 3
23.0814 220.46 220.46 2 2 3
23.0705 220.529 220.529 2 2 3
23.0595 220.598 220.598 2 2 3
23.0485 220.667 220.667 2 2 3
23.0376 220.736 220.736 2 2 3
23.0266 220.805 220.805 2 2 3
23.0156 220.875 220.875 2 2 3
23.0046 220.944 220.944 2 2 3
22.9936 221.013 221.013 2 2 3
22.9826 221.082 221.082 2 2 3
22.9715 221.152 221.152 2 2 3
22.9605 221.221 221.221 2 2 3
22.9495 221.29 221.29 2 2 3
22.9384 221.36 221.36 2 2 3
22.9274 221.429 221.429 2 2 3
22.9163 221.498 221.498 2 2 3
22.9052 221.568 221.568 2 2 3
22.8941 221.637 221.637 2 2 3
22.883 221.707 221.707 2 2 3
22.8719 221.776 221.776 2 2 3
22.8608 221.845 221.845 2 2 3
22.8497 221.915 221.915 2 2 3
22.8386 221.984 221.984 2 2 3
22.8274 222.054 222.054 2 2 3
22.8163 222.123 222.123 2 2 3
22.8051 222.193 222.193 2 2 3
22.794 222.262 222.262 2 2 3
22.7828 222.332 222.332 2 2 3
22.7716 222.401 222.401 2 2 3
22.7604 222.471 222.471 2 2 3
22.7492 222.541 222.541 2 2 3
22.738 222.61 222.61 2 2 3
22.7268 222.68 222.68 2 2 3
22.7156 222.749 222.749 2 2 3
22.7044 222.819 222.819 2 2 3
22.6931 222.889 222.889 2 2 3
22.6819 222.958 222.958 2 2 3
22.6706 223.028 223.028 2 2 3
22.6594 223.098 223.098 2 2 3
22.6481 223.168 223.168 2 2 3
22.6368 223.237 223.237 2 2 3
22.6255 223.307 223.307 2 2 3
22.6142 223.377 223.377 2 2 3
22.6029 223.447 223.447 2 2 3
22.5916 223.516 223.516 2 2 3
22.5803 223.586 223.586 2 2 3
22.5689 223.656 223.656 2 2 3
22.5576 223.726 223.726 2 2 3
22.5462 223.796 223.796 2 2 3
22.5349 223.866 223.866 2 2 3
22.5235 223.936 223.936 2 2 3
22.5121 224.005 224.005 2 2 3
22.5007 224.075 224.075 2 2 3
22.4893 224.145 224.145 2 2 3
22.4779 224.215 224.215 2 2 3
22.4665 224.285 224.285 2 2 3
22.4551 224.355 224.355 2 2 3
22.4437 224.425 224.425 2 2 3
22.4322 224.495 224.495 2 2 3
22.4208 224.565 224.565 2 2 3
22.4093 224.635 224.635 2 2 3
22.3978 224.705 224.705 2 2 3
22.3864 224.775 224.775 2 2 3
22.3749 224.845 224.845 2 2 3
22.3634 224.916 224.916 2 2 3
22.3519 224.986 224.986 2 2 3
22.3404 225.056 225.056 2 2 3
22.3289 225.126 225.126 2 2 3
22.3173 225.196 225.196 2 2 3
22.3058 225.266 225.266 2 2 3
22.2942 225.336 225.336 2 2 3
22.2827 225.407 225.407 2 2 3
22.2711 225.477 225.477 2 2 3
22.2596 225.547 225.547 2 2 3
22.248 225.617 225.617 2 2 3
22.2364 225.688 225.688 2 2 3
22.2248 225.758 225.758 2 2 3
22.2132 225.828 225.828 2 2 3
22.2016 225.899 225.899 2 2 3
22.1899 225.969 225.969 2 2 3
22.1783 226.039 226.039 2 2 3
22.1667 226.11 226.11 2 2 3
22.155 226.18 226.18 2 2 3
22.1434 226.25 226.25 2 2 3
22.1317 226.321 226.321 2 2 3
22.12 226.391 226.391 2 2 3
22.1083 226.462 226.462 2 2 3
22.0966 226.532 226.532 2 2 3
22.0849 226.602 226.602 2 2 3
22.0732 226.673 226.673 2 2 3
22.0615 226.743 226.743 2 2 3
22.0498 226.814 226.814 2 2 3
22.038 226.884 226.884 2 2 3
22.0263 226.955 226.955 2 2 3
22.0145 227.026 227.026 2 2 3
22.0028 227.096 227.096 2 2 3
21.991 227.167 227.167 2 2 3
21.9792 227.237 227.237 2 2 3
21.9674 227.308 227.308 2 2 3
21.9556 227.379 227.379 2 2 3
21.9438 227.449 227.449 2 2 3
21.932 227.52 227.52 2 2 3
21.9202 227.591 227.591 2 2 3
21.9083 227.661 227.661 2 2 3
21.8965 227.732 227.732 2 2 3
21.8846 227.803 227.803 2 2 3
21.8728 227.873 227.873 2 2 3
21.8609 227.944 227.944 2 2 3
21.849 228.015 228.015 2 2 3
21.8371 228.086 228.086 2 2 3
21.8252 228.157 228.157 2 2 3
21.8133 228.227 228.227 2 2 3
21.8014 228.298 228.298 2 2 3
21.7895 228.369 228.369 2 2 3
21.7775 228.44 228.44 2 2 3
21.7656 228.511 228.511 2 2 3
21.7537 228.582 228.582 2 2 3
21.7417 228.653 228.653 2 2 3
21.7297 228.723 228.723 2 2 3
21.7178 228.794 228.794 2 2 3
21.7058 228.865 228.865 2 2 3
21.6938 228.936 228.936 2 2 3
21.6818 229.007 229.007 2 2 3
21.6698 229.078 229.078 2 2 3
21.6577 229.149 229.149 2 2 3
21.6457 229.22 229.22 2 2 3
21.6337 229.291 229.291 2 2 3
21.6216 229.362 229.362 2 2 3
21.6096 229.434 229.434 2 2 3
21.5975 229.505 229.505 2 2 3
21.5854 229.576 229.576 2 2 3
21.5733 229.647 229.647 2 2 3
21.5612 229.718 229.718 2 2 3
21.5491 229.789 229.789 2 2 3
21.537 229.86 229.86 2 2 3
21.5249 229.931 229.931 2 2 3
21.5128 230.003 230.003 2 2 3
21.5006 230.074 230.074 2 2 3
21.4885 230.145 230.145 2 2 3
21.4763 230.216 230.216 2 2 3
21.4642 230.288 230.288 2 2 3
21.452 230.359 230.359 2 2 3
21.4398 230.43 230.43 2 2 3
21.4276 230.501 230.501 2 2 3
21.4154 230.573 230.573 2 2 3
21.4032 230.644 230.644 2 2 3
21.391 230.715 230.715 2 2 3
21.3788 230.787 230.787 2 2 3
21.3665 230.858 230.858 2 2 3
21.3543 230.93 230.93 2 2 3
21.342 231.001 231.001 2 2 3
21.3298 231.072 231.072 2 2 3
21.3175 231.144 231.144 2 2 3
21.3052 231.215 231.215 2 2 3
21.2929 231.287 231.287 2 2 3
21.2806 231.358 231.358 2 2 3
21.2683 231.43 231.43 2 2 3
21.256 231.501 231.501 2 2 3
21.2437 231.573 231.573 2 2 3
21.2313 231.644 231.644 2 2 3
21.219 231.716 231.716 2 2 3
21.2066 231.788 231.788 2 2 3
21.1943 231.859 231.859 2 2 3
21.1819 231.931 231.931 2 2 3
21.1695 232.002 232.002 2 2 3
21.1571 232.074 232.074 2 2 3
21.1447 232.146 232.146 2 2 3
21.1323 232.217 232.217 2 2 3
21.1199 232.289 232.289 2 2 3
21.1075 232.361 232.361 2 2 3
21.095 232.432 232.432 2 2 3
21.0826 232.504 232.504 2 2 3
21.0701 232.576 232.576 2 2 3
21.0577 232.648 232.648 2 2 3
21.0452 232.719 232.719 2 2 3
21.0327 232.791 232.791 2 2 3
21.0202 232.863 232.863 2 2 3
21.0077 232.935 232.935 2 2 3
20.9952 233.007 233.007 2 2 3
20.9827 233.079 233.079 2 2 3
20.9702 233.15 233.15 2 2 3
20.9577 233.222 233.222 2 2 3
20.9451 233.294 233.294 2 2 3
20.9326 233.366 233.366 2 2 3
20.92 233.438 233.438 2 2 3
20.9074 233.51 233.51 2 2 3
20.8949 233.582 233.582 2 2 3
20.8823 233.654 233.654 2 2 3
20.8697 233.726 233.726 2 2 3
20.8571 233.798 233.798 2 2 3
20.8445 233.87 233.87 2 2 3
20.8318 233.942 233.942 2 2 3
20.8192 234.014 234.014 2 2 3
20.8065 234.086 234.086 2 2 3
20.7939 234.158 234.158 2 2 3
20.7812 234.23 234.23 2 2 3
20.7686 234.303 234.303 2 2 3
20.7559 234.375 234.375 2 2 3
20.7432 234.447 234.447 2 2 3
20.7305 234.519 234.519 2 2 3
20.7178 234.591 234.591 2 2 3
20.7051 234.663 234.663 2 2 3
20.6924 234.736 234.736 2 2 3
20.6796 234.808 234.808 2 2 3
20.6669 234.88 234.88 2 2 3
20.6541 234.952 234.952 2 2 3
20.6414 235.025 235.025 2 2 3
20.6286 235.097 235.097 2 2 3
20.6158 235.169 235.169 2 2 3
20.603 235.242 235.242 2 2 3
20.5902 235.314 235.314 2 2 3
20.5774 235.386 235.386 2 2 3
20.5646 235.459 235.459 2 2 3
20.5518 235.531 235.531 2 2 3
20.5389 235.603 235.603 2 2 3
20.5261 235.676 235.676 2 2 3
20.5132 235.748 235.748 2 2 3
20.5004 235.821 235.821 2 2 3
20.4875 235.893 235.893 2 2 3
20.4746 235.966 235.966 2 2 3
20.4617 236.038 236.038 2 2 3
20.4488 236.111 236.111 2 2 3
20.4359 236.183 236.183 2 2 3
20.423 236.256 236.256 2 2 3
20.4101 236.328 236.328 2 2 3
20.3972 236.401 236.401 2 2 3
20.3842 236.473 236.473 2 2 3
20.3713 236.546 236.546 2 2 3
20.3583 236.619 236.619 2 2 3
20.3453 236.691 236.691 2 2 3
20.3323 236.764 236.764 2 2 3
20.3194 236.836 236.836 2 2 3
20.3064 236.909 236.909 2 2 3
20.2933 236.982 236.982 2 2 3
20.2803 237.055 237.055 2 2 3
20.2673 237.127 237.127 2 2 3
20.2543 237.2 237.2 2 2 3
20.2412 237.273 237.273 2 2 3
20.2282 237.346 237.346 2 2 3
20.2151 237.418 237.418 2 2 3
20.202 237.491 237.491 2 2 3
20.1889 237.564 237.564 2 2 3
20.1758 237.637 237.637 2 2 3
20.1627 237.71 237.71 2 2 3
20.1496 237.783 237.783 2 2 3
20.1365 237.855 237.855 2 2 3
20.1234 237.928 237.928 2 2 3
20.1103 238.001 238.001 2 2 3
20.0971 238.074 238.074 2 2 3
20.0839 238.147 238.147 2 2 3
20.0708 238.22 238.22 2 2 3
20.0576 238.293 238.293 2 2 3
20.0444 238.366 238.366 2 2 3
20.0312 238.439 238.439 2 2 3
20.018 238.512 238.512 2 2 3
20.0048 238.585 238.585 2 2 3
19.9916 238.658 238.658 2 2 3
19.9784 238.731 238.731 2 2 3
19.9651 238.804 238.804 2 2 3
19.9519 238.877 238.877 2 2 3
19.9386 238.95 238.95 2 2 3
19.9253 239.024 239.024 2 2 3
19.9121 239.097 239.097 2 2 3
19.8988 239.17 239.17 2 2 3
19.8855 239.243 239.243 2 2 3
19.8722 239.316 239.316 2 2 3
19.8589 239.389 239.389 2 2 3
19.8455 239.463 239.463 2 2 3
19.8322 239.536 239.536 2 2 3
19.8189 239.609 239.609 2 2 3
19.8055 239.682 239.682 2 2 3
19.7922 239.756 239.756 2 2 3
19.7788 239.829 239.829 2 2 3
19.7654 239.902 239.902 2 2 3
19.752 239.976 239.976 2 2 3
19.7386 240.049 240.049 2 2 3
19.7252 240.122 240.122 2 2 3
19.7118 240.196 240.196 2 2 3
19.6984 240.269 240.269 2 2 3
19.6849 240.343 240.343 2 2 3
19.6715 240.416 240.416 2 2 3
19.658 240.489 240.489 2 2 3
19.6446 240.563 240.563 2 2 3
19.6311 240.636 240.636 2 2 3
19.6176 240.71 240.71 2 2 3
19.6041 240.783 240.783 2 2 3
19.5906 240.857 240.857 2 2 3
19.5771 240.93 240.93 2 2 3
19.5636 241.004 241.004 2 2 3
19.5501 241.078 241.078 2 2 3
19.5365 241.151 241.151 2 2 3
19.523 241.225 241.225 2 2 3
19.5094 241.298 241.298 2 2 3
19.4959 241.372 241.372 2 2 3
19.4823 241.446 241.446 2 2 3
19.4687 241.519 241.519 2 2 3
19.4551 241.593 241.593 2 2 3
19.4415 241.667 241.667 2 2 3
19.4279 241.74 241.74 2 2 3
19.4143 241.814 241.814 2 2 3
19.4006 241.888 241.888 2 2 3
19.387 241.962 241.962 2 2 3
19.3733 242.035 242.035 2 2 3
19.3597 242.109 242.109 2 2 3
19.346 242.183 242.183 2 2 3
19.3323 242.257 242.257 2 2 3
19.3186 242.331 242.331 2 2 3
19.305 242.405 242.405 2 2 3
19.2912 242.478 242.478 2 2 3
19.2775 242.552 242.552 2 2 3
19.2638 242.626 242.626 2 2 3
19.2501 242.7 242.7 2 2 3
19.2363 242.774 242.774 2 2 3
19.2226 242.848 242.848 2 2 3
19.2088 242.922 242.922 2 2 3
19.195 242.996 242.996 2 2 3
19.1812 243.07 243.07 2 2 3
19.1675 243.144 243.144 2 2 3
19.1537 243.218 243.218 2 2 3
19.1398 243.292 243.292 2 2 3
19.126 243.366 243.366 2 2 3
19.1122 243.44 243.44 2 2 3
19.0984 243.514 243.514 2 2 3
19.0845 243.588 243.588 2 2 3
19.0706 243.662 243.662 2 2 3
19.0568 243.737 243.737 2 2 3
19.0429 243.811 243.811 2 2 3
19.029 243.885 243.885 2 2 3
19.0151 243.959 243.959 2 2 3
19.0012 244.033 244.033 2 2 3
18.9873 244.107 244.107 2 2 3
18.9734 244.182 244.182 2 2 3
18.9594 244.256 244.256 2 2 3
18.9455 244.33 244.33 2 2 3
18.9315 244.404 244.404 2 2 3
18.9176 244.479 244.479 2 2 3
18.9036 244.553 244.553 2 2 3
18.8896 244.627 244.627 2 2 3
18.8756 244.702 244.702 2 2 3
18.8616 244.776 244.776 2 2 3
18.8476 244.85 244.85 2 2 3
18.8336 244.925 244.925 2 2 3
18.8196 244.999 244.999 2 2 3
18.8055 245.074 245.074 2 2 3
18.7915 245.148 245.148 2 2 3
18.7774 245.223 245.223 2 2 3
18.7634 245.297 245.297 2 2 3
18.7493 245.372 245.372 2 2 3
18.7352 245.446 245.446 2 2 3
18.7211 245.521 245.521 2 2 3
18.707 245.595 245.595 2 2 3
18.6929 245.67 245.67 2 2 3
18.6788 245.744 245.744 2 2 3
18.6646 245.819 245.819 2 2 3
18.6505 245.893 245.893 2 2 3
18.6363 245.968 245.968 2 2 3
18.6222 246.043 246.043 2 2 3
18.608 246.117 246.117 2 2 3
18.5938 246.192 246.192 2 2 3
18.5796 246.267 246.267 2 2 3
18.5654 246.341 246.341 2 2 3
18.5512 246.416 246.416 2 2 3
18.537 246.491 246.491 2 2 3
18.5228 246.565 246.565 2 2 3
18.5085 246.64 246.64 2 2 3
18.4943 246.715 246.715 2 2 3
18.48 246.79 246.79 2 2 3
18.4658 246.865 246.865 2 2 3
18.4515 246.939 246.939 2 2 3
18.4372 247.014 247.014 2 2 3
18.4229 247.089 247.089 2 2 3
18.4086 247.164 247.164 2 2 3
18.3943 247.239 247.239 2 2 3
18.38 247.314 247.314 2 2 3
18.3656 247.389 247.389 2 2 3
18.3513 247.464 247.464 2 2 3
18.3369 247.539 247.539 2 2 3
18.3226 247.613 247.613 2 2 3
18.3082 247.688 247.688 2 2 3
18.2938 247.763 247.763 2 2 3
18.2794 247.838 247.838 2 2 3
18.265 247.913 247.913 2 2 3
18.2506 247.989 247.989 2 2 3
18.2362 248.064 248.064 2 2 3
18.2217 248.139 248.139 2 2 3
18.2073 248.214 248.214 2 2 3
18.1929 248.289 248.289 2 2 3
18.1784 248.364 248.364 2 2 3
18.1639 248.439 248.439 2 2 3
18.1494 248.514 248.514 2 2 3
18.135 248.589 248.589 2 2 3
18.1205 248.665 248.665 2 2 3
18.106 248.74 248.74 2 2 3
18.0914 248.815 248.815 2 2 3
18.0769 248.89 248.89 2 2 3
18.0624 248.966 248.966 2 2 3
18.0478 249.041 249.041 2 2 3
18.0333 249.116 249.116 2 2 3
18.0187 249.191 249.191 2 2 3
18.0041 249.267 249.267 2 2 3
17.9895 249.342 249.342 2 2 3
17.9749 249.417 249.417 2 2 3
17.9603 249.493 249.493 2 2 3
17.9457 249.568 249.568 2 2 3
17.9311 249.643 249.643 2 2 3
17.9165 249.719 249.719 2 2 3
17.9018 249.794 249.794 2 2 3
17.8872 249.87 249.87 2 2 3
17.8725 249.945 249.945 2 2 3
17.8578 250.021 250.021 2 2 3
17.8432 250.096 250.096 2 2 3
17.8285 250.172 250.172 2 2 3
17.8138 250.247 250.247 2 2 3
17.7991 250.323 250.323 2 2 3
17.7843 250.398 250.398 2 2 3
17.7696 250.474 250.474 2 2 3
17.7549 250.549 250.549 2 2 3
17.7401 250.625 250.625 2 2 3
17.7254 250.701 250.701 2 2 3
17.7106 250.776 250.776 2 2 3
17.6958 250.852 250.852 2 2 3
17.681 250.928 250.928 2 2 3
17.6662 251.003 251.003 2 2 3
17.6514 251.079 251.079 2 2 3
17.6366 251.155 251.155 2 2 3
17.6218 251.23 251.23 2 2 3
17.6069 251.306 251.306 2 2 3
17.5921 251.382 251.382 2 2 3
17.5772 251.458 251.458 2 2 3
17.5623 251.533 251.533 2 2 3
17.5475 251.609 251.609 2 2 3
17.5326 251.685 251.685 2 2 3
17.5177 251.761 251.761 2 2 3
17.5028 251.837 251.837 2 2 3
17.4879 251.913 251.913 2 2 3
17.4729 251.989 251.989 2 2 3
17.458 252.064 252.064 2 2 3
17.4431 252.14 252.14 2 2 3
17.4281 252.216 252.216 2 2 3
17.4131 252.292 252.292 2 2 3
17.3982 252.368 252.368 2 2 3
17.3832 252.444 252.444 2 2 3
17.3682 252.52 252.52 2 2 3
17.3532 252.596 252.596 2 2 3
17.3382 252.672 252.672 2 2 3
17.3231 252.748 252.748 2 2 3
17.3081 252.824 252.824 2 2 3
17.2931 252.901 252.901 2 2 3
17.278 252.977 252.977 2 2 3
17.263 253.053 253.053 2 2 3
17.2479 253.129 253.129 2 2 3
17.2328 253.205 253.205 2 2 3
17.2177 253.281 253.281 2 2 3
17.2026 253.357 253.357 2 2 3
17.1875 253.434 253.434 2 2 3
17.1724 253.51 253.51 2 2 3
17.1572 253.586 253.586 2 2 3
17.1421 253.662 253.662 2 2 3
17.1269 253.739 253.739 2 2 3
17.1118 253.815 253.815 2 2 3
17.0966 253.891 253.891 2 2 3
17.0814 253.967 253.967 2 2 3
17.0662 254.044 254.044 2 2 3
17.051 254.12 254.12 2 2 3
17.0358 254.196 254.196 2 2 3
17.0206 254.273 254.273 2 2 3
17.0054 254.349 254.349 2 2 3
16.9901 254.426 254.426 2 2 3
16.9749 254.502 254.502 2 2 3
16.9596 254.578 254.578 2 2 3
16.9444 254.655 254.655 2 2 3
16.9291 254.731 254.731 2 2 3
16.9138 254.808 254.808 2 2 3
16.8985 254.884 254.884 2 2 3
16.8832 254.961 254.961 2 2 3
16.8679 255.037 255.037 2 2 3
16.8525 255.114 255.114 2 2 3
16.8372 255.191 255.191 2 2 3
16.8218 255.267 255.267 2 2 3
16.8065 255.344 255.344 2 2 3
16.7911 255.42 255.42 2 2 3
16.7757 255.497 255.497 2 2 3
16.7603 255.574 255.574 2 2 3
16.7449 255.65 255.65 2 2 3
16.7295 255.727 255.727 2 2 3
16.7141 255.804 255.804 2 2 3
16.6987 255.88 255.88 2 2 3
16.6833 255.957 255.957 2 2 3
16.6678 256.034 256.034 2 2 3
16.6523 256.111 256.111 2 2 3
16.6369 256.187 256.187 2 2 3
16.6214 256.264 256.264 2 2 3
16.6059 256.341 256.341 2 2 3
16.5904 256.418 256.418 2 2 3
16.5749 256.495 256.495 2 2 3
16.5594 256.572 256.572 2 2 3
16.5439 256.648 256.648 2 2 3
16.5283 256.725 256.725 2 2 3
16.5128 256.802 256.802 2 2 3
16.4972 256.879 256.879 2 2 3
16.4817 256.956 256.956 2 2 3
16.4661 257.033 257.033 2 2 3
16.4505 257.11 257.11 2 2 3
16.4349 257.187 257.187 2 2 3
16.4193 257.264 257.264 2 2 3
16.4037 257.341 257.341 2 2 3
16.388 257.418 257.418 2 2 3
16.3724 257.495 257.495 2 2 3
16.3568 257.572 257.572 2 2 3
16.3411 257.649 257.649 2 2 3
16.3254 257.726 257.726 2 2 3
16.3097 257.804 257.804 2 2 3
16.2941 257.881 257.881 2 2 3
16.2784 257.958 257.958 2 2 3
16.2627 258.035 258.035 2 2 3
16.2469 258.112 258.112 2 2 3
16.2312 258.189 258.189 2 2 3
16.2155 258.267 258.267 2 2 3
16.1997 258.344 258.344 2 2 3
16.184 258.421 258.421 2 2 3
16.1682 258.498 258.498 2 2 3
16.1524 258.576 258.576 2 2 3
16.1366 258.653 258.653 2 2 3
16.1208 258.73 258.73 2 2 3
16.105 258.808 258.808 2 2 3
16.0892 258.885 258.885 2 2 3
16.0734 258.962 258.962 2 2 3
16.0575 259.04 259.04 2 2 3
16.0417 259.117 259.117 2 2 3
16.0258 259.195 259.195 2 2 3
16.01 259.272 259.272 2 2 3
15.9941 259.349 259.349 2 2 3
15.9782 259.427 259.427 2 2 3
15.9623 259.504 259.504 2 2 3
15.9464 259.582 259.582 2 2 3
15.9305 259.659 259.659 2 2 3
15.9146 259.737 259.737 2 2 3
15.8986 259.814 259.814 2 2 3
15.8827 259.892 259.892 2 2 3
15.8667 259.97 259.97 2 2 3
15.8507 260.047 260.047 2 2 3
15.8348 260.125 260.125 2 2 3
15.8188 260.202 260.202 2 2 3
15.8028 260.28 260.28 2 2 3
15.7868 260.358 260.358 2 2 3
15.7707 260.435 260.435 2 2 3
15.7547 260.513 260.513 2 2 3
15.7387 260.591 260.591 2 2 3
15.7226 260.669 260.669 2 2 3
15.7066 260.746 260.746 2 2 3
15.6905 260.824 260.824 2 2 3
15.6744 260.902 260.902 2 2 3
15.6583 260.98 260.98 2 2 3
15.6422 261.057 261.057 2 2 3
15.6261 261.135 261.135 2 2 3
15.61 261.213 261.213 2 2 3
15.5939 261.291 261.291 2 2 3
15.5777 261.369 261.369 2 2 3
15.5616 261.447 261.447 2 2 3
15.5454 261.525 261.525 2 2 3
15.5292 261.603 261.603 2 2 3
15.5131 261.68 261.68 2 2 3
15.4969 261.758 261.758 2 2 3
15.4807 261.836 261.836 2 2 3
15.4645 261.914 261.914 2 2 3
15.4482 261.992 261.992 2 2 3
15.432 262.07 262.07 2 2 3
15.4158 262.148 262.148 2 2 3
15.3995 262.227 262.227 2 2 3
15.3832 262.305 262.305 2 2 3
15.367 262.383 262.383 2 2 3
15.3507 262.461 262.461 2 2 3
15.3344 262.539 262.539 2 2 3
15.3181 262.617 262.617 2 2 3
15.3018 262.695 262.695 2 2 3
15.2855 262.773 262.773 2 2 3
15.2691 262.852 262.852 2 2 3
15.2528 262.93 262.93 2 2 3
15.2364 263.008 263.008 2 2 3
15.2201 263.086 263.086 2 2 3
15.2037 263.164 263.164 2 2 3
15.1873 263.243 263.243 2 2 3
15.1709 263.321 263.321 2 2 3
15.1545 263.399 263.399 2 2 3
15.1381 263.478 263.478 2 2 3
15.1217 263.556 263.556 2 2 3
15.1052 263.634 263.634 2 2 3
15.0888 263.713 263.713 2 2 3
15.0723 263.791 263.791 2 2 3
15.0558 263.869 263.869 2 2 3
15.0394 263.948 263.948 2 2 3
15.0229 264.026 264.026 2 2 3
15.0064 264.105 264.105 2 2 3
14.9899 264.183 264.183 2 2 3
14.9734 264.262 264.262 2 2 3
14.9568 264.34 264.34 2 2 3
14.9403 264.419 264.419 2 2 3
14.9237 264.497 264.497 2 2 3
14.9072 264.576 264.576 2 2 3
14.8906 264.654 264.654 2 2 3
14.874 264.733 264.733 2 2 3
14.8574 264.812 264.812 2 2 3
14.8408 264.89 264.89 2 2 3
14.8242 264.969 264.969 2 2 3
14.8076 265.047 265.047 2 2 3
14.791 265.126 265.126 2 2 3
14.7743 265.205 265.205 2 2 3
14.7577 265.284 265.284 2 2 3
14.741 265.362 265.362 2 2 3
14.7244 265.441 265.441 2 2 3
14.7077 265.52 265.52 2 2 3
14.691 265.598 265.598 2 2 3
14.6743 265.677 265.677 2 2 3
14.6576 265.756 265.756 2 2 3
14.6408 265.835 265.835 2 2 3
14.6241 265.914 265.914 2 2 3
14.6074 265.993 265.993 2 2 3
14.5906 266.071 266.071 2 2 3
14.5738 266.15 266.15 2 2 3
14.5571 266.229 266.229 2 2 3
14.5403 266.308 266.308 2 2 3
14.5235 266.387 266.387 2 2 3
14.5067 266.466 266.466 2 2 3
14.4899 266.545 266.545 2 2 3
14.473 266.624 266.624 2 2 3
14.4562 266.703 266.703 2 2 3
14.4394 266.782 266.782 2 2 3
14.4225 266.861 266.861 2 2 3
14.4056 266.94 266.94 2 2 3
14.3887 267.019 267.019 2 2 3
14.3719 267.098 267.098 2 2 3
14.355 267.177 267.177 2 2 3
14.338 267.256 267.256 2 2 3
14.3211 267.336 267.336 2 2 3
14.3042 267.415 267.415 2 2 3
14.2873 267.494 267.494 2 2 3
14.2703 267.573 267.573 2 2 3
14.2533 267.652 267.652 2 2 3
14.2364 267.731 267.731 2 2 3
14.2194 267.811 267.811 2 2 3
14.2024 267.89 267.89 2 2 3
14.1854 267.969 267.969 2 2 3
14.1684 268.048 268.048 2 2 3
14.1514 268.128 268.128 2 2 3
14.1343 268.207 268.207 2 2 3
14.1173 268.286 268.286 2 2 3
14.1002 268.366 268.366 2 2 3
14.0832 268.445 268.445 2 2 3
14.0661 268.524 268.524 2 2 3
14.049 268.604 268.604 2 2 3
14.0319 268.683 268.683 2 2 3
14.0148 268.763 268.763 2 2 3
13.9977 268.842 268.842 2 2 3
13.9805 268.922 268.922 2 2 3
13.9634 269.001 269.001 2 2 3
13.9463 269.081 269.081 2 2 3
13.9291 269.16 269.16 2 2 3
13.9119 269.24 269.24 2 2 3
13.8947 269.319 269.319 2 2 3
13.8776 269.399 269.399 2 2 3
13.8604 269.478 269.478 2 2 3
13.8431 269.558 269.558 2 2 3
13.8259 269.638 269.638 2 2 3
13.8087 269.717 269.717 2 2 3
13.7914 269.797 269.797 2 2 3
13.7742 269.877 269.877 2 2 3
13.7569 269.956 269.956 2 2 3
13.7396 270.036 270.036 2 2 3
13.7224 270.116 270.116 2 2 3
13.7051 270.195 270.195 2 2 3
13.6878 270.275 270.275 2 2 3
13.6704 270.355 270.355 2 2 3
13.6531 270.435 270.435 2 2 3
13.6358 270.514 270.514 2 2 3
13.6184 270.594 270.594 2 2 3
13.6011 270.674 270.674 2 2 3
13.5837 270.754 270.754 2 2 3
13.5663 270.834 270.834 2 2 3
13.5489 270.914 270.914 2 2 3
13.5315 270.994 270.994 2 2 3
13.5141 271.074 271.074 2 2 3
13.4967 271.153 271.153 2 2 3
13.4793 271.233 271.233 2 2 3
13.4618 271.313 271.313 2 2 3
13.4444 271.393 271.393 2 2 3
13.4269 271.473 271.473 2 2 3
13.4094 271.553 271.553 2 2 3
13.392 271.633 271.633 2 2 3
13.3745 271.713 271.713 2 2 3
13.357 271.794 271.794 2 2 3
13.3394 271.874 271.874 2 2 3
13.3219 271.954 271.954 2 2 3
13.3044 272.034 272.034 2 2 3
13.2868 272.114 272.114 2 2 3
13.2693 272.194 272.194 2 2 3
13.2517 272.274 272.274 2 2 3
13.2341 272.354 272.354 2 2 3
13.2165 272.435 272.435 2 2 3
13.1989 272.515 272.515 2 2 3
13.1813 272.595 272.595 2 2 3
13.1637 272.675 272.675 2 2 3
13.1461 272.756 272.756 2 2 3
13.1284 272.836 272.836 2 2 3
13.1108 272.916 272.916 2 2 3
13.0931 272.997 272.997 2 2 3
13.0754 273.077 273.077 2 2 3
13.0577 273.157 273.157 2 2 3
13.04 273.238 273.238 2 2 3
13.0223 273.318 273.318 2 2 3
13.0046 273.398 273.398 2 2 3
12.9869 273.479 273.479 2 2 3
12.9692 273.559 273.559 2 2 3
12.9514 273.64 273.64 2 2 3
12.9336 273.72 273.72 2 2 3
12.9159 273.801 273.801 2 2 3
12.8981 273.881 273.881 2 2 3
12.8803 273.962 273.962 2 2 3
12.8625 274.042 274.042 2 2 3
12.8447 274.123 274.123 2 2 3
12.8269 274.203 274.203 2 2 3
12.809 274.284 274.284 2 2 3
12.7912 274.365 274.365 2 2 3
12.7733 274.445 274.445 2 2 3
12.7555 274.526 274.526 2 2 3
12.7376 274.606 274.606 2 2 3
12.7197 274.687 274.687 2 2 3
12.7018 274.768 274.768 2 2 3
12.6839 274.849 274.849 2 2 3
12.666 274.929 274.929 2 2 3
12.648 275.01 275.01 2 2 3
12.6301 275.091 275.091 2 2 3
12.6121 275.172 275.172 2 2 3
12.5942 275.252 275.252 2 2 3
12.5762 275.333 275.333 2 2 3
12.5582 275.414 275.414 2 2 3
12.5402 275.495 275.495 2 2 3
12.5222 275.576 275.576 2 2 3
12.5042 275.657 275.657 2 2 3
12.4862 275.737 275.737 2 2 3
12.4682 275.818 275.818 2 2 3
12.4501 275.899 275.899 2 2 3
12.432 275.98 275.98 2 2 3
12.414 276.061 276.061 2 2 3
12.3959 276.142 276.142 2 2 3
12.3778 276.223 276.223 2 2 3
12.3597 276.304 276.304 2 2 3
12.3416 276.385 276.385 2 2 3
12.3235 276.466 276.466 2 2 3
12.3053 276.547 276.547 2 2 3
12.2872 276.628 276.628 2 2 3
12.269 276.71 276.71 2 2 3
12.2509 276.791 276.791 2 2 3
12.2327 276.872 276.872 2 2 3
12.2145 276.953 276.953 2 2 3
12.1963 277.034 277.034 2 2 3
12.1781 277.115 277.115 2 2 3
12.1599 277.196 277.196 2 2 3
12.1417 277.278 277.278 2 2 3
12.1234 277.359 277.359 2 2 3
12.1052 277.44 277.44 2 2 3
12.0869 277.521 277.521 2 2 3
12.0686 277.603 277.603 2 2 3
12.0503 277.684 277.684 2 2 3
12.0321 277.765 277.765 2 2 3
12.0137 277.847 277.847 2 2 3
11.9954 277.928 277.928 2 2 3
11.9771 278.009 278.009 2 2 3
11.9588 278.091 278.091 2 2 3
11.9404 278.172 278.172 2 2 3
11.9221 278.254 278.254 2 2 3
11.9037 278.335 278.335 2 2 3
11.8853 278.417 278.417 2 2 3
11.8669 278.498 278.498 2 2 3
11.8485 278.579 278.579 2 2 3
11.8301 278.661 278.661 2 2 3
11.8117 278.742 278.742 2 2 3
11.7932 278.824 278.824 2 2 3
11.7748 278.906 278.906 2 2 3
11.7563 278.987 278.987 2 2 3
11.7379 279.069 279.069 2 2 3
11.7194 279.15 279.15 2 2 3
11.7009 279.232 279.232 2 2 3
11.6824 279.314 279.314 2 2 3
11.6639 279.395 279.395 2 2 3
11.6454 279.477 279.477 2 2 3
11.6268 279.559 279.559 2 2 3
11.6083 279.64 279.64 2 2 3
11.5897 279.722 279.722 2 2 3
11.5712 279.804 279.804 2 2 3
11.5526 279.886 279.886 2 2 3
11.534 279.967 279.967 2 2 3
11.5154 280.049 280.049 2 2 3
11.4968 280.131 280.131 2 2 3
11.4782 280.213 280.213 2 2 3
11.4596 280.295 280.295 2 2 3
11.4409 280.377 280.377 2 2 3
11.4223 280.458 280.458 2 2 3
11.4036 280.54 280.54 2 2 3
11.3849 280.622 280.622 2 2 3
11.3662 280.704 280.704 2 2 3
11.3476 280.786 280.786 2 2 3
11.3288 280.868 280.868 2 2 3
11.3101 280.95 280.95 2 2 3
11.2914 281.032 281.032 2 2 3
11.2727 281.114 281.114 2 2 3
11.2539 281.196 281.196 2 2 3
11.2352 281.278 281.278 2 2 3
11.2164 281.36 281.36 2 2 3
11.1976 281.442 281.442 2 2 3
11.1788 281.524 281.524 2 2 3
11.16 281.607 281.607 2 2 3
11.1412 281.689 281.689 2 2 3
11.1224 281.771 281.771 2 2 3
11.1035 281.853 281.853 2 2 3
11.0847 281.935 281.935 2 2 3
11.0658 282.017 282.017 2 2 3
11.0469 282.1 282.1 2 2 3
11.0281 282.182 282.182 2 2 3
11.0092 282.264 282.264 2 2 3
10.9903 282.346 282.346 2 2 3
10.9714 282.429 282.429 2 2 3
10.9524 282.511 282.511 2 2 3
10.9335 282.593 282.593 2 2 3
10.9145 282.676 282.676 2 2 3
10.8956 282.758 282.758 2 2 3
10.8766 282.84 282.84 2 2 3
10.8576 282.923 282.923 2 2 3
10.8386 283.005 283.005 2 2 3
10.8196 283.088 283.088 2 2 3
10.8006 283.17 283.17 2 2 3
10.7816 283.253 283.253 2 2 3
10.7626 283.335 283.335 2 2 3
10.7435 283.418 283.418 2 2 3
10.7245 283.5 283.5 2 2 3
10.7054 283.583 283.583 2 2 3
10.6863 283.665 283.665 2 2 3
10.6672 283.748 283.748 2 2 3
10.6481 283.83 283.83 2 2 3
10.629 283.913 283.913 2 2 3
10.6099 283.996 283.996 2 2 3
10.5908 284.078 284.078 2 2 3
10.5716 284.161 284.161 2 2 3
10.5525 284.244 284.244 2 2 3
10.5333 284.326 284.326 2 2 3
10.5141 284.409 284.409 2 2 3
10.4949 284.492 284.492 2 2 3
10.4757 284.574 284.574 2 2 3
10.4565 284.657 284.657 2 2 3
10.4373 284.74 284.74 2 2 3
10.4181 284.823 284.823 2 2 3
10.3988 284.906 284.906 2 2 3
10.3796 284.988 284.988 2 2 3
10.3603 285.071 285.071 2 2 3
10.341 285.154 285.154 2 2 3
10.3217 285.237 285.237 2 2 3
10.3024 285.32 285.32 2 2 3
10.2831 285.403 285.403 2 2 3
10.2638 285.486 285.486 2 2 3
10.2445 285.569 285.569 2 2 3
10.2251 285.652 285.652 2 2 3
10.2058 285.735 285.735 2 2 3
10.1864 285.818 285.818 2 2 3
10.167 285.901 285.901 2 2 3
10.1476 285.984 285.984 2 2 3
10.1282 286.067 286.067 2 2 3
10.1088 286.15 286.15 2 2 3
10.0894 286.233 286.233 2 2 3
10.07 286.316 286.316 2 2 3
10.0505 286.399 286.399 2 2 3
10.0311 286.482 286.482 2 2 3
10.0116 286.565 286.565 2 2 3
9.99214 286.649 286.649 2 2 3
9.97266 286.732 286.732 2 2 3
9.95316 286.815 286.815 2 2 3
9.93365 286.898 286.898 2 2 3
9.91413 286.981 286.981 2 2 3
9.89459 287.065 287.065 2 2 3
9.87505 287.148 287.148 2 2 3
9.8555 287.231 287.231 2 2 3
9.83593 287.315 287.315 2 2 3
9.81635 287.398 287.398 2 2 3
9.79676 287.481 287.481 2 2 3
9.77717 287.565 287.565 2 2 3
9.75756 287.648 287.648 2 2 3
9.73793 287.731 287.731 2 2 3
9.7183 287.815 287.815 2 2 3
9.69866 287.898 287.898 2 2 3
9.679 287.982 287.982 2 2 3
9.65934 288.065 288.065 2 2 3
9.63966 288.149 288.149 2 2 3
9.61997 288.232 288.232 2 2 3
9.60027 288.316 288.316 2 2 3
9.58056 288.399 288.399 2 2 3
9.56084 288.483 288.483 2 2 3
9.5411 288.566 288.566 2 2 3
9.52136 288.65 288.65 2 2 3
9.5016 288.734 288.734 2 2 3
9.48183 288.817 288.817 2 2 3
9.46206 288.901 288.901 2 2 3
9.44227 288.984 288.984 2 2 3
9.42247 289.068 289.068 2 2 3
9.40265 289.152 289.152 2 2 3
9.38283 289.236 289.236 2 2 3
9.363 289.319 289.319 2 2 3
9.34315 289.403 289.403 2 2 3
9.3233 289.487 289.487 2 2 3
9.30343 289.571 289.571 2 2 3
9.28355 289.654 289.654 2 2 3
9.26366 289.738 289.738 2 2 3
9.24376 289.822 289.822 2 2 3
9.22384 289.906 289.906 2 2 3
9.20392 289.99 289.99 2 2 3
9.18398 290.074 290.074 2 2 3
9.16404 290.158 290.158 2 2 3
9.14408 290.241 290.241 2 2 3
9.12411 290.325 290.325 2 2 3
9.10413 290.409 290.409 2 2 3
9.08414 290.493 290.493 2 2 3
9.06413 290.577 290.577 2 2 3
9.04412 290.661 290.661 2 2 3
9.02409 290.745 290.745 2 2 3
9.00406 290.829 290.829 2 2 3
8.98401 290.913 290.913 2 2 3
8.96395 290.998 290.998 2 2 3
8.94388 291.082 291.082 2 2 3
8.9238 291.166 291.166 2 2 3
8.9037 291.25 291.25 2 2 3
8.8836 291.334 291.334 2 2 3
8.86348 291.418 291.418 2 2 3
8.84336 291.502 291.502 2 2 3
8.82322 291.587 291.587 2 2 3
8.80307 291.671 291.671 2 2 3
8.78291 291.755 291.755 2 2 3
8.76273 291.839 291.839 2 2 3
8.74255 291.924 291.924 2 2 3
8.72235 292.008 292.008 2 2 3
8.70215 292.092 292.092 2 2 3
8.68193 292.177 292.177 2 2 3
8.6617 292.261 292.261 2 2 3
8.64146 292.345 292.345 2 2 3
8.62121 292.43 292.43 2 2 3
8.60095 292.514 292.514 2 2 3
8.58067 292.598 292.598 2 2 3
8.56039 292.683 292.683 2 2 3
8.54009 292.767 292.767 2 2 3
8.51978 292.852 292.852 2 2 3
8.49946 292.936 292.936 2 2 3
8.47913 293.021 293.021 2 2 3
8.45879 293.105 293.105 2 2 3
8.43843 293.19 293.19 2 2 3
8.41807 293.274 293.274 2 2 3
8.39769 293.359 293.359 2 2 3
8.3773 293.443 293.443 2 2 3
8.3569 293.528 293.528 2 2 3
8.33649 293.613 293.613 2 2 3
8.31607 293.697 293.697 2 2 3
8.29563 293.782 293.782 2 2 3
8.27519 293.867 293.867 2 2 3
8.25473 293.951 293.951 2 2 3
8.23426 294.036 294.036 2 2 3
8.21378 294.121 294.121 2 2 3
8.19329 294.206 294.206 2 2 3
8.17279 294.29 294.29 2 2 3
8.15228 294.375 294.375 2 2 3
8.13175 294.46 294.46 2 2 3
8.11122 294.545 294.545 2 2 3
8.09067 294.63 294.63 2 2 3
8.07011 294.714 294.714 2 2 3
8.04954 294.799 294.799 2 2 3
8.02896 294.884 294.884 2 2 3
8.00836 294.969 294.969 2 2 3
7.98776 295.054 295.054 2 2 3
7.96714 295.139 295.139 2 2 3
7.94651 295.224 295.224 2 2 3
7.92587 295.309 295.309 2 2 3
7.90522 295.394 295.394 2 2 3
7.88456 295.479 295.479 2 2 3
7.86389 295.564 295.564 2 2 3
7.8432 295.649 295.649 2 2 3
7.8225 295.734 295.734 2 2 3
7.80179 295.819 295.819 2 2 3
7.78108 295.904 295.904 2 2 3
7.76034 295.989 295.989 2 2 3
7.7396 296.074 296.074 2 2 3
7.71885 296.16 296.16 2 2 3
7.69808 296.245 296.245 2 2 3
7.6773 296.33 296.33 2 2 3
7.65652 296.415 296.415 2 2 3
7.63571 296.5 296.5 2 2 3
7.6149 296.586 296.586 2 2 3
7.59408 296.671 296.671 2 2 3
7.57325 296.756 296.756 2 2 3
7.5524 296.841 296.841 2 2 3
7.53154 296.927 296.927 2 2 3
7.51067 297.012 297.012 2 2 3
7.48979 297.097 297.097 2 2 3
7.4689 297.183 297.183 2 2 3
7.44799 297.268 297.268 2 2 3
7.42708 297.354 297.354 2 2 3
7.40615 297.439 297.439 2 2 3
7.38521 297.524 297.524 2 2 3
7.36426 297.61 297.61 2 2 3
7.3433 297.695 297.695 2 2 3
7.32233 297.781 297.781 2 2 3
7.30134 297.866 297.866 2 2 3
7.28035 297.952 297.952 2 2 3
7.25934 298.037 298.037 2 2 3
7.23832 298.123 298.123 2 2 3
7.21729 298.209 298.209 2 2 3
7.19625 298.294 298.294 2 2 3
7.17519 298.38 298.38 2 2 3
7.15413 298.465 298.465 2 2 3
7.13305 298.551 298.551 2 2 3
7.11196 298.637 298.637 2 2 3
7.09086 298.722 298.722 2 2 3
7.06975 298.808 298.808 2 2 3
7.04862 298.894 298.894 2 2 3
7.02749 298.98 298.98 2 2 3
7.00634 299.065 299.065 2 2 3
6.98518 299.151 299.151 2 2 3
6.96401 299.237 299.237 2 2 3
6.94283 299.323 299.323 2 2 3
6.92164 299.409 299.409 2 2 3
6.90043 299.494 299.494 2 2 3
6.87922 299.58 299.58 2 2 3
6.85799 299.666 299.666 2 2 3
6.83675 299.752 299.752 2 2 3
6.8155 299.838 299.838 2 2 3
6.79423 299.924 299.924 2 2 3
6.77296 300.01 300.01 2 2 3
6.75167 300.096 300.096 2 2 3
6.73038 300.182 300.182 2 2 3
6.70907 300.268 300.268 2 2 3
6.68774 300.354 300.354 2 2 3
6.66641 300.44 300.44 2 2 3
6.64507 300.526 300.526 2 2 3
6.62371 300.612 300.612 2 2 3
6.60234 300.698 300.698 2 2 3
6.58096 300.784 300.784 2 2 3
6.55957 300.87 300.87 2 2 3
6.53817 300.956 300.956 2 2 3
6.51675 301.043 301.043 2 2 3
6.49533 301.129 301.129 2 2 3
6.47389 301.215 301.215 2 2 3
6.45244 301.301 301.301 2 2 3
6.43098 301.387 301.387 2 2 3
6.4095 301.474 301.474 2 2 3
6.38802 301.56 301.56 2 2 3
6.36652 301.646 301.646 2 2 3
6.34501 301.733 301.733 2 2 3
6.32349 301.819 301.819 2 2 3
6.30196 301.905 301.905 2 2 3
6.28042 301.992 301.992 2 2 3
6.25887 302.078 302.078 2 2 3
6.2373 302.164 302.164 2 2 3
6.21572 302.251 302.251 2 2 3
6.19413 302.337 302.337 2 2 3
6.17253 302.424 302.424 2 2 3
6.15091 302.51 302.51 2 2 3
6.12929 302.597 302.597 2 2 3
6.10765 302.683 302.683 2 2 3
6.086 302.77 302.77 2 2 3
6.06434 302.856 302.856 2 2 3
6.04267 302.943 302.943 2 2 3
6.02098 303.029 303.029 2 2 3
5.99929 303.116 303.116 2 2 3
5.97758 303.203 303.203 2 2 3
5.95586 303.289 303.289 2 2 3
5.93413 303.376 303.376 2 2 3
5.91239 303.462 303.462 2 2 3
5.89063 303.549 303.549 2 2 3
5.86886 303.636 303.636 2 2 3
5.84709 303.723 303.723 2 2 3
5.8253 303.809 303.809 2 2 3
5.80349 303.896 303.896 2 2 3
5.78168 303.983 303.983 2 2 3
5.75985 304.07 304.07 2 2 3
5.73802 304.156 304.156 2 2 3
5.71617 304.243 304.243 2 2 3
5.69431 304.33 304.33 2 2 3
5.67243 304.417 304.417 2 2 3
5.65055 304.504 304.504 2 2 3
5.62865 304.591 304.591 2 2 3
5.60674 304.678 304.678 2 2 3
5.58482 304.765 304.765 2 2 3
5.56289 304.852 304.852 2 2 3
5.54095 304.939 304.939 2 2 3
5.51899 305.025 305.025 2 2 3
5.49702 305.113 305.113 2 2 3
5.47505 305.2 305.2 2 2 3
5.45305 305.287 305.287 2 2 3
5.43105 305.374 305.374 2 2 3
5.40904 305.461 305.461 2 2 3
5.38701 305.548 305.548 2 2 3
5.36497 305.635 305.635 2 2 3
5.34292 305.722 305.722 2 2 3
5.32086 305.809 305.809 2 2 3
5.29878 305.896 305.896 2 2 3
5.2767 305.984 305.984 2 2 3
5.2546 306.071 306.071 2 2 3
5.23249 306.158 306.158 2 2 3
5.21037 306.245 306.245 2 2 3
5.18823 306.332 306.332 2 2 3
5.16609 306.42 306.42 2 2 3
5.14393 306.507 306.507 2 2 3
5.12176 306.594 306.594 2 2 3
5.09958 306.682 306.682 2 2 3
5.07739 306.769 306.769 2 2 3
5.05518 306.856 306.856 2 2 3
5.03297 306.944 306.944 2 2 3
5.01074 307.031 307.031 2 2 3
4.9885 307.119 307.119 2 2 3
4.96624 307.206 307.206 2 2 3
4.94398 307.294 307.294 2 2 3
4.9217 307.381 307.381 2 2 3
4.89941 307.469 307.469 2 2 3
4.87711 307.556 307.556 2 2 3
4.8548 307.644 307.644 2 2 3
4.83248 307.731 307.731 2 2 3
4.81014 307.819 307.819 2 2 3
4.78779 307.906 307.906 2 2 3
4.76543 307.994 307.994 2 2 3
4.74306 308.081 308.081 2 2 3
4.72068 308.169 308.169 2 2 3
4.69828 308.257 308.257 2 2 3
4.67587 308.344 308.344 2 2 3
4.65345 308.432 308.432 2 2 3
4.63102 308.52 308.52 2 2 3
4.60858 308.608 308.608 2 2 3
4.58612 308.695 308.695 2 2 3
4.56365 308.783 308.783 2 2 3
4.54117 308.871 308.871 2 2 3
4.51868 308.959 308.959 2 2 3
4.49618 309.047 309.047 2 2 3
4.47366 309.134 309.134 2 2 3
4.45113 309.222 309.222 2 2 3
4.42859 309.31 309.31 2 2 3
4.40604 309.398 309.398 2 2 3
4.38348 309.486 309.486 2 2 3
4.3609 309.574 309.574 2 2 3
4.33831 309.662 309.662 2 2 3
4.31571 309.75 309.75 2 2 3
4.2931 309.838 309.838 2 2 3
4.27048 309.926 309.926 2 2 3
4.24784 310.014 310.014 2 2 3
4.22519 310.102 310.102 2 2 3
4.20253 310.19 310.19 2 2 3
4.17986 310.278 310.278 2 2 3
4.15718 310.366 310.366 2 2 3
4.13448 310.454 310.454 2 2 3
4.11177 310.542 310.542 2 2 3
4.08905 310.63 310.63 2 2 3
4.06632 310.719 310.719 2 2 3
4.04357 310.807 310.807 2 2 3
4.02082 310.895 310.895 2 2 3
3.99805 310.983 310.983 2 2 3
3.97527 311.071 311.071 2 2 3
3.95248 311.16 311.16 2 2 3
3.92967 311.248 311.248 2 2 3
3.90685 311.336 311.336 2 2 3
3.88403 311.425 311.425 2 2 3
3.86118 311.513 311.513 2 2 3
3.83833 311.601 311.601 2 2 3
3.81547 311.69 311.69 2 2 3
3.79259 311.778 311.778 2 2 3
3.7697 311.866 311.866 2 2 3
3.7468 311.955 311.955 2 2 3
3.72388 312.043 312.043 2 2 3
3.70096 312.132 312.132 2 2 3
3.67802 312.22 312.22 2 2 3
3.65507 312.309 312.309 2 2 3
3.63211 312.397 312.397 2 2 3
3.60913 312.486 312.486 2 2 3
3.58615 312.574 312.574 2 2 3
3.56315 312.663 312.663 2 2 3
3.54014 312.751 312.751 2 2 3
3.51711 312.84 312.84 2 2 3
3.49408 312.929 312.929 2 2 3
3.47103 313.017 313.017 2 2 3
3.44797 313.106 313.106 2 2 3
3.4249 313.195 313.195 2 2 3
3.40182 313.283 313.283 2 2 3
3.37872 313.372 313.372 2 2 3
3.35561 313.461 313.461 2 2 3
3.33249 313.549 313.549 2 2 3
3.30936 313.638 313.638 2 2 3
3.28622 313.727 313.727 2 2 3
3.26306 313.816 313.816 2 2 3
3.23989 313.905 313.905 2 2 3
3.21671 313.993 313.993 2 2 3
3.19352 314.082 314.082 2 2 3
3.17031 314.171 314.171 2 2 3
3.14709 314.26 314.26 2 2 3
3.12386 314.349 314.349 2 2 3
3.10062 314.438 314.438 2 2 3
3.07737 314.527 314.527 2 2 3
3.0541 314.616 314.616 2 2 3
3.03082 314.705 314.705 2 2 3
3.00753 314.794 314.794 2 2 3
2.98423 314.883 314.883 2 2 3
2.96091 314.972 314.972 2 2 3
2.93758 315.061 315.061 2 2 3
2.91424 315.15 315.15 2 2 3
2.89089 315.239 315.239 2 2 3
2.86753 315.328 315.328 2 2 3
2.84415 315.417 315.417 2 2 3
2.82076 315.507 315.507 2 2 3
2.79736 315.596 315.596 2 2 3
2.77395 315.685 315.685 2 2 3
2.75052 315.774 315.774 2 2 3
2.72708 315.863 315.863 2 2 3
2.70363 315.953 315.953 2 2 3
2.68017 316.042 316.042 2 2 3
2.6567 316.131 316.131 2 2 3
2.63321 316.22 316.22 2 2 3
2.60971 316.31 316.31 2 2 3
2.5862 316.399 316.399 2 2 3
2.56268 316.488 316.488 2 2 3
2.53914 316.578 316.578 2 2 3
2.51559 316.667 316.667 2 2 3
2.49203 316.757 316.757 2 2 3
2.46846 316.846 316.846 2 2 3
2.44487 316.936 316.936 2 2 3
2.42127 317.025 317.025 2 2 3
2.39766 317.114 317.114 2 2 3
2.37404 317.204 317.204 2 2 3
2.35041 317.294 317.294 2 2 3
2.32676 317.383 317.383 2 2 3
2.3031 317.473 317.473 2 2 3
2.27943 317.562 317.562 2 2 3
2.25575 317.652 317.652 2 2 3
2.23205 317.741 317.741 2 2 3
2.20834 317.831 317.831 2 2 3
2.18462 317.921 317.921 2 2 3
2.16089 318.01 318.01 2 2 3
2.13714 318.1 318.1 2 2 3
2.11338 318.19 318.19 2 2 3
2.08961 318.279 318.279 2 2 3
2.06583 318.369 318.369 2 2 3
2.04204 318.459 318.459 2 2 3
2.01823 318.549 318.549 2 2 3
1.99441 318.639 318.639 2 2 3
1.97058 318.728 318.728 2 2 3
1.94673 318.818 318.818 2 2 3
1.92287 318.908 318.908 2 2 3
1.899 318.998 318.998 2 2 3
1.87512 319.088 319.088 2 2 3
1.85123 319.178 319.178 2 2 3
1.82732 319.268 319.268 2 2 3
1.8034 319.358 319.358 2 2 3
1.77947 319.448 319.448 2 2 3
1.75553 319.538 319.538 2 2 3
1.73157 319.628 319.628 2 2 3
1.7076 319.718 319.718 2 2 3
1.68362 319.808 319.808 2 2 3
1.65963 319.898 319.898 2 2 3
1.63562 319.988 319.988 2 2 3
1.61161 320.078 320.078 2 2 3
1.58757 320.168 320.168 2 2 3
1.56353 320.258 320.258 2 2 3
1.53948 320.348 320.348 2 2 3
1.51541 320.438 320.438 2 2 3
1.49133 320.529 320.529 2 2 3
1.46723 320.619 320.619 2 2 3
1.44313 320.709 320.709 2 2 3
1.41901 320.799 320.799 2 2 3
1.39488 320.89 320.89 2 2 3
1.37074 320.98 320.98 2 2 3
1.34658 321.07 321.07 2 2 3
1.32242 321.16 321.16 2 2 3
1.29824 321.251 321.251 2 2 3
1.27404 321.341 321.341 2 2 3
1.24984 321.431 321.431 2 2 3
1.22562 321.522 321.522 2 2 3
1.20139 321.612 321.612 2 2 3
1.17715 321.703 321.703 2 2 3
1.15289 321.793 321.793 2 2 3
1.12862 321.884 321.884 2 2 3
1.10434 321.974 321.974 2 2 3
1.08005 322.065 322.065 2 2 3
1.05575 322.155 322.155 2 2 3
1.03143 322.246 322.246 2 2 3
1.0071 322.336 322.336 2 2 3
0.982757 322.427 322.427 2 2 3
0.958402 322.517 322.517 2 2 3
0.934034 322.608 322.608 2 2 3
0.909654 322.699 322.699 2 2 3
0.885261 322.789 322.789 2 2 3
0.860855 322.88 322.88 2 2 3
0.836438 322.971 322.971 2 2 3
0.812007 323.061 323.061 2 2 3
0.787564 323.152 323.152 2 2 3
0.763109 323.243 323.243 2 2 3
0.738641 323.334 323.334 2 2 3
0.71416 323.424 323.424 2 2 3
0.689667 323.515 323.515 2 2 3
0.665161 323.606 323.606 2 2 3
0.640642 323.697 323.697 2 2 3
0.616112 323.788 323.788 2 2 3
0.591568 323.879 323.879 2 2 3
0.567012 323.969 323.969 2 2 3
0.542444 324.06 324.06 2 2 3
0.517862 324.151 324.151 2 2 3
0.493268 324.242 324.242 2 2 3
0.468662 324.333 324.333 2 2 3
0.444043 324.424 324.424 2 2 3
0.419412 324.515 324.515 2 2 3
0.394767 324.606 324.606 2 2 3
0.37011 324.697 324.697 2 2 3
0.345441 324.788 324.788 2 2 3
0.320759 324.879 324.879 2 2 3
0.296064 324.971 324.971 2 2 3
0.271357 325.062 325.062 2 2 3
0.246624 325.153 325.153 2 2 3
0.221891 325.244 325.244 2 2 3
0.197146 325.335 325.335 2 2 3
0.172388 325.426 325.426 2 2 3
0.147618 325.518 325.518 2 2 3
0.122834 325.609 325.609 2 2 3
0.0980387 325.7 325.7 2 2 3
0.0732301 325.791 325.791 2 2 3
0.0484089 325.883 325.883 2 2 3
0.0235752 325.974 325.974 2 2 3
-0.0012714 326.065 326.065 2 2 3
