754.553 1272 1272 2 2 3
755.354 1271.43 1271.43 2 2 3
755.754 1271.15 1271.15 2 2 3
756.154 1270.87 1270.87 2 2 3
756.555 1270.58 1270.58 2 2 3
756.955 1270.3 1270.3 2 2 3
757.355 1270.02 1270.02 2 2 3
757.755 1269.73 1269.73 2 2 3
758.156 1269.45 1269.45 2 2 3
758.556 1269.17 1269.17 2 2 3
758.956 1268.88 1268.88 2 2 3
759.357 1268.6 1268.6 2 2 3
759.757 1268.32 1268.32 2 2 3
760.157 1268.03 1268.03 2 2 3
760.557 1267.75 1267.75 2 2 3
760.958 1267.47 1267.47 2 2 3
761.358 1267.19 1267.19 2 2 3
761.758 1266.9 1266.9 2 2 3
762.159 1266.62 1266.62 2 2 3
762.559 1266.34 1266.34 2 2 3
762.959 1266.05 1266.05 2 2 3
763.359 1265.77 1265.77 2 2 3
763.76 1265.49 1265.49 2 2 3
764.16 1265.21 1265.21 2 2 3
764.56 1264.93 1264.93 2 2 3
764.961 1264.64 1264.64 2 2 3
765.361 1264.36 1264.36 2 2 3
765.761 1264.08 1264.08 2 2 3
766.161 1263.8 1263.8 2 2 3
766.562 1263.51 1263.51 2 2 3
766.962 1263.23 1263.23 2 2 3
767.362 1262.95 1262.95 2 2 3
767.763 1262.67 1262.67 2 2 3
768.163 1262.39 1262.39 2 2 3
768.563 1262.11 1262.11 2 2 3
768.964 1261.82 1261.82 2 2 3
769.364 1261.54 1261.54 2 2 3
769.764 1261.26 1261.26 2 2 3
770.164 1260.98 1260.98 2 2 3
770.565 1260.7 1260.7 2 2 3
770.965 1260.42 1260.42 2 2 3
771.365 1260.14 1260.14 2 2 3
771.766 1259.85 1259.85 2 2 3
772.166 1259.57 1259.57 2 2 3
772.566 1259.29 1259.29 2 2 3
772.967 1259.01 1259.01 2 2 3
773.367 1258.73 1258.73 2 2 3
773.767 1258.45 1258.45 2 2 3
774.168 1258.17 1258.17 2 2 3
774.568 1257.89 1257.89 2 2 3
774.968 1257.61 1257.61 2 2 3
775.369 1257.33 1257.33 2 2 3
775.769 1257.05 1257.05 2 2 3
776.169 1256.77 1256.77 2 2 3
776.57 1256.49 1256.49 2 2 3
776.97 1256.21 1256.21 2 2 3
777.37 1255.92 1255.92 2 2 3
777.771 1255.64 1255.64 2 2 3
778.171 1255.36 1255.36 2 2 3
778.571 1255.08 1255.08 2 2 3
778.972 1254.8 1254.8 2 2 3
779.372 1254.52 1254.52 2 2 3
779.773 1254.24 1254.24 2 2 3
780.173 1253.96 1253.96 2 2 3
780.573 1253.68 1253.68 2 2 3
780.974 1253.4 1253.4 2 2 3
781.374 1253.12 1253.12 2 2 3
781.774 1252.84 1252.84 2 2 3
782.175 1252.57 1252.57 2 2 3
782.575 1252.29 1252.29 2 2 3
782.976 1252.01 1252.01 2 2 3
783.376 1251.73 1251.73 2 2 3
783.776 1251.45 1251.45 2 2 3
784.177 1251.17 1251.17 2 2 3
784.577 1250.89 1250.89 2 2 3
784.978 1250.61 1250.61 2 2 3
785.378 1250.33 1250.33 2 2 3
785.779 1250.05 1250.05 2 2 3
786.179 1249.77 1249.77 2 2 3
786.579 1249.49 1249.49 2 2 3
786.98 1249.21 1249.21 2 2 3
787.38 1248.94 1248.94 2 2 3
787.781 1248.66 1248.66 2 2 3
788.181 1248.38 1248.38 2 2 3
788.582 1248.1 1248.1 2 2 3
788.982 1247.82 1247.82 2 2 3
789.382 1247.54 1247.54 2 2 3
789.783 1247.26 1247.26 2 2 3
790.183 1246.99 1246.99 2 2 3
790.584 1246.71 1246.71 2 2 3
790.984 1246.43 1246.43 2 2 3
791.385 1246.15 1246.15 2 2 3
791.785 1245.87 1245.87 2 2 3
792.186 1245.59 1245.59 2 2 3
792.586 1245.32 1245.32 2 2 3
792.987 1245.04 1245.04 2 2 3
793.387 1244.76 1244.76 2 2 3
793.788 1244.48 1244.48 2 2 3
794.188 1244.2 1244.2 2 2 3
794.589 1243.93 1243.93 2 2 3
794.989 1243.65 1243.65 2 2 3
795.39 1243.37 1243.37 2 2 3
795.79 1243.09 1243.09 2 2 3
796.191 1242.82 1242.82 2 2 3
796.591 1242.54 1242.54 2 2 3
796.992 1242.26 1242.26 2 2 3
797.393 1241.98 1241.98 2 2 3
797.793 1241.71 1241.71 2 2 3
798.194 1241.43 1241.43 2 2 3
798.594 1241.15 1241.15 2 2 3
798.995 1240.87 1240.87 2 2 3
799.395 1240.6 1240.6 2 2 3
799.796 1240.32 1240.32 2 2 3
800.197 1240.04 1240.04 2 2 3
800.597 1239.77 1239.77 2 2 3
800.998 1239.49 1239.49 2 2 3
801.398 1239.21 1239.21 2 2 3
801.799 1238.94 1238.94 2 2 3
802.2 1238.66 1238.66 2 2 3
802.6 1238.38 1238.38 2 2 3
803.001 1238.11 1238.11 2 2 3
803.402 1237.83 1237.83 2 2 3
803.802 1237.55 1237.55 2 2 3
804.203 1237.28 1237.28 2 2 3
804.604 1237 1237 2 2 3
805.004 1236.72 1236.72 2 2 3
805.405 1236.45 1236.45 2 2 3
805.806 1236.17 1236.17 2 2 3
806.206 1235.9 1235.9 2 2 3
806.607 1235.62 1235.62 2 2 3
807.008 1235.34 1235.34 2 2 3
807.408 1235.07 1235.07 2 2 3
807.809 1234.79 1234.79 2 2 3
808.21 1234.52 1234.52 2 2 3
808.611 1234.24 1234.24 2 2 3
809.011 1233.97 1233.97 2 2 3
809.412 1233.69 1233.69 2 2 3
809.813 1233.41 1233.41 2 2 3
810.214 1233.14 1233.14 2 2 3
810.614 1232.86 1232.86 2 2 3
811.015 1232.59 1232.59 2 2 3
811.416 1232.31 1232.31 2 2 3
811.817 1232.04 1232.04 2 2 3
812.217 1231.76 1231.76 2 2 3
812.618 1231.49 1231.49 2 2 3
813.019 1231.21 1231.21 2 2 3
813.42 1230.94 1230.94 2 2 3
813.821 1230.66 1230.66 2 2 3
814.222 1230.39 1230.39 2 2 3
814.622 1230.11 1230.11 2 2 3
815.023 1229.84 1229.84 2 2 3
815.424 1229.56 1229.56 2 2 3
815.825 1229.29 1229.29 2 2 3
816.226 1229.01 1229.01 2 2 3
816.627 1228.74 1228.74 2 2 3
817.028 1228.46 1228.46 2 2 3
817.429 1228.19 1228.19 2 2 3
817.829 1227.92 1227.92 2 2 3
818.23 1227.64 1227.64 2 2 3
818.631 1227.37 1227.37 2 2 3
819.032 1227.09 1227.09 2 2 3
819.433 1226.82 1226.82 2 2 3
819.834 1226.54 1226.54 2 2 3
820.235 1226.27 1226.27 2 2 3
820.636 1226 1226 2 2 3
821.037 1225.72 1225.72 2 2 3
821.438 1225.45 1225.45 2 2 3
821.839 1225.17 1225.17 2 2 3
822.24 1224.9 1224.9 2 2 3
822.641 1224.63 1224.63 2 2 3
823.042 1224.35 1224.35 2 2 3
823.443 1224.08 1224.08 2 2 3
823.844 1223.81 1223.81 2 2 3
824.245 1223.53 1223.53 2 2 3
824.646 1223.26 1223.26 2 2 3
825.047 1222.99 1222.99 2 2 3
825.448 1222.71 1222.71 2 2 3
825.849 1222.44 1222.44 2 2 3
826.251 1222.17 1222.17 2 2 3
826.652 1221.89 1221.89 2 2 3
827.053 1221.62 1221.62 2 2 3
827.454 1221.35 1221.35 2 2 3
827.855 1221.07 1221.07 2 2 3
828.256 1220.8 1220.8 2 2 3
828.657 1220.53 1220.53 2 2 3
829.058 1220.26 1220.26 2 2 3
829.46 1219.98 1219.98 2 2 3
829.861 1219.71 1219.71 2 2 3
830.262 1219.44 1219.44 2 2 3
830.663 1219.17 1219.17 2 2 3
831.064 1218.89 1218.89 2 2 3
831.466 1218.62 1218.62 2 2 3
831.867 1218.35 1218.35 2 2 3
832.268 1218.08 1218.08 2 2 3
832.669 1217.8 1217.8 2 2 3
833.071 1217.53 1217.53 2 2 3
833.472 1217.26 1217.26 2 2 3
833.873 1216.99 1216.99 2 2 3
834.275 1216.72 1216.72 2 2 3
834.676 1216.44 1216.44 2 2 3
835.077 1216.17 1216.17 2 2 3
835.479 1215.9 1215.9 2 2 3
835.88 1215.63 1215.63 2 2 3
836.281 1215.36 1215.36 2 2 3
836.683 1215.08 1215.08 2 2 3
837.084 1214.81 1214.81 2 2 3
837.485 1214.54 1214.54 2 2 3
837.887 1214.27 1214.27 2 2 3
838.288 1214 1214 2 2 3
838.69 1213.73 1213.73 2 2 3
839.091 1213.46 1213.46 2 2 3
839.492 1213.18 1213.18 2 2 3
839.894 1212.91 1212.91 2 2 3
840.295 1212.64 1212.64 2 2 3
840.697 1212.37 1212.37 2 2 3
841.098 1212.1 1212.1 2 2 3
841.5 1211.83 1211.83 2 2 3
841.901 1211.56 1211.56 2 2 3
842.303 1211.29 1211.29 2 2 3
842.704 1211.02 1211.02 2 2 3
843.106 1210.75 1210.75 2 2 3
843.508 1210.48 1210.48 2 2 3
843.909 1210.2 1210.2 2 2 3
844.311 1209.93 1209.93 2 2 3
844.712 1209.66 1209.66 2 2 3
845.114 1209.39 1209.39 2 2 3
845.516 1209.12 1209.12 2 2 3
845.917 1208.85 1208.85 2 2 3
846.319 1208.58 1208.58 2 2 3
846.72 1208.31 1208.31 2 2 3
847.122 1208.04 1208.04 2 2 3
847.524 1207.77 1207.77 2 2 3
847.926 1207.5 1207.5 2 2 3
848.327 1207.23 1207.23 2 2 3
848.729 1206.96 1206.96 2 2 3
849.131 1206.69 1206.69 2 2 3
849.532 1206.42 1206.42 2 2 3
849.934 1206.15 1206.15 2 2 3
850.336 1205.88 1205.88 2 2 3
850.738 1205.61 1205.61 2 2 3
851.14 1205.34 1205.34 2 2 3
851.541 1205.07 1205.07 2 2 3
851.943 1204.8 1204.8 2 2 3
852.345 1204.54 1204.54 2 2 3
852.747 1204.27 1204.27 2 2 3
853.149 1204 1204 2 2 3
853.551 1203.73 1203.73 2 2 3
853.953 1203.46 1203.46 2 2 3
854.354 1203.19 1203.19 2 2 3
854.756 1202.92 1202.92 2 2 3
855.158 1202.65 1202.65 2 2 3
855.56 1202.38 1202.38 2 2 3
855.962 1202.11 1202.11 2 2 3
856.364 1201.84 1201.84 2 2 3
856.766 1201.58 1201.58 2 2 3
857.168 1201.31 1201.31 2 2 3
857.57 1201.04 1201.04 2 2 3
857.972 1200.77 1200.77 2 2 3
858.374 1200.5 1200.5 2 2 3
858.776 1200.23 1200.23 2 2 3
859.179 1199.96 1199.96 2 2 3
859.581 1199.7 1199.7 2 2 3
859.983 1199.43 1199.43 2 2 3
860.385 1199.16 1199.16 2 2 3
860.787 1198.89 1198.89 2 2 3
861.189 1198.62 1198.62 2 2 3
861.591 1198.35 1198.35 2 2 3
861.993 1198.09 1198.09 2 2 3
862.396 1197.82 1197.82 2 2 3
862.798 1197.55 1197.55 2 2 3
863.2 1197.28 1197.28 2 2 3
863.602 1197.01 1197.01 2 2 3
864.005 1196.75 1196.75 2 2 3
864.407 1196.48 1196.48 2 2 3
864.809 1196.21 1196.21 2 2 3
865.211 1195.94 1195.94 2 2 3
865.614 1195.68 1195.68 2 2 3
866.016 1195.41 1195.41 2 2 3
866.418 1195.14 1195.14 2 2 3
866.821 1194.87 1194.87 2 2 3
867.223 1194.61 1194.61 2 2 3
867.626 1194.34 1194.34 2 2 3
868.028 1194.07 1194.07 2 2 3
868.43 1193.8 1193.8 2 2 3
868.833 1193.54 1193.54 2 2 3
869.235 1193.27 1193.27 2 2 3
869.638 1193 1193 2 2 3
870.04 1192.74 1192.74 2 2 3
870.443 1192.47 1192.47 2 2 3
870.845 1192.2 1192.2 2 2 3
871.248 1191.94 1191.94 2 2 3
871.65 1191.67 1191.67 2 2 3
872.053 1191.4 1191.4 2 2 3
872.456 1191.14 1191.14 2 2 3
872.858 1190.87 1190.87 2 2 3
873.261 1190.6 1190.6 2 2 3
873.663 1190.34 1190.34 2 2 3
874.066 1190.07 1190.07 2 2 3
874.469 1189.8 1189.8 2 2 3
874.871 1189.54 1189.54 2 2 3
875.274 1189.27 1189.27 2 2 3
875.677 1189.01 1189.01 2 2 3
876.08 1188.74 1188.74 2 2 3
876.482 1188.47 1188.47 2 2 3
876.885 1188.21 1188.21 2 2 3
877.288 1187.94 1187.94 2 2 3
877.691 1187.68 1187.68 2 2 3
878.094 1187.41 1187.41 2 2 3
878.496 1187.14 1187.14 2 2 3
878.899 1186.88 1186.88 2 2 3
879.302 1186.61 1186.61 2 2 3
879.705 1186.35 1186.35 2 2 3
880.108 1186.08 1186.08 2 2 3
880.511 1185.82 1185.82 2 2 3
880.914 1185.55 1185.55 2 2 3
881.317 1185.29 1185.29 2 2 3
881.72 1185.02 1185.02 2 2 3
882.123 1184.75 1184.75 2 2 3
882.526 1184.49 1184.49 2 2 3
882.929 1184.22 1184.22 2 2 3
883.332 1183.96 1183.96 2 2 3
883.735 1183.69 1183.69 2 2 3
884.138 1183.43 1183.43 2 2 3
884.541 1183.16 1183.16 2 2 3
884.944 1182.9 1182.9 2 2 3
885.347 1182.64 1182.64 2 2 3
885.751 1182.37 1182.37 2 2 3
886.154 1182.11 1182.11 2 2 3
886.557 1181.84 1181.84 2 2 3
886.96 1181.58 1181.58 2 2 3
887.363 1181.31 1181.31 2 2 3
887.767 1181.05 1181.05 2 2 3
888.17 1180.78 1180.78 2 2 3
888.573 1180.52 1180.52 2 2 3
888.977 1180.25 1180.25 2 2 3
889.38 1179.99 1179.99 2 2 3
889.783 1179.73 1179.73 2 2 3
890.187 1179.46 1179.46 2 2 3
890.59 1179.2 1179.2 2 2 3
890.993 1178.93 1178.93 2 2 3
891.397 1178.67 1178.67 2 2 3
891.8 1178.41 1178.41 2 2 3
892.204 1178.14 1178.14 2 2 3
892.607 1177.88 1177.88 2 2 3
893.011 1177.61 1177.61 2 2 3
893.414 1177.35 1177.35 2 2 3
893.818 1177.09 1177.09 2 2 3
894.221 1176.82 1176.82 2 2 3
894.625 1176.56 1176.56 2 2 3
895.029 1176.3 1176.3 2 2 3
895.432 1176.03 1176.03 2 2 3
895.836 1175.77 1175.77 2 2 3
896.24 1175.51 1175.51 2 2 3
896.643 1175.24 1175.24 2 2 3
897.047 1174.98 1174.98 2 2 3
897.451 1174.72 1174.72 2 2 3
897.854 1174.45 1174.45 2 2 3
898.258 1174.19 1174.19 2 2 3
898.662 1173.93 1173.93 2 2 3
899.066 1173.67 1173.67 2 2 3
899.47 1173.4 1173.4 2 2 3
899.874 1173.14 1173.14 2 2 3
900.277 1172.88 1172.88 2 2 3
900.681 1172.61 1172.61 2 2 3
901.085 1172.35 1172.35 2 2 3
901.489 1172.09 1172.09 2 2 3
901.893 1171.83 1171.83 2 2 3
902.297 1171.56 1171.56 2 2 3
902.701 1171.3 1171.3 2 2 3
903.105 1171.04 1171.04 2 2 3
903.509 1170.78 1170.78 2 2 3
903.913 1170.51 1170.51 2 2 3
904.317 1170.25 1170.25 2 2 3
904.721 1169.99 1169.99 2 2 3
905.126 1169.73 1169.73 2 2 3
905.53 1169.47 1169.47 2 2 3
905.934 1169.2 1169.2 2 2 3
906.338 1168.94 1168.94 2 2 3
906.742 1168.68 1168.68 2 2 3
907.146 1168.42 1168.42 2 2 3
907.551 1168.16 1168.16 2 2 3
907.955 1167.9 1167.9 2 2 3
908.359 1167.63 1167.63 2 2 3
908.764 1167.37 1167.37 2 2 3
909.168 1167.11 1167.11 2 2 3
909.572 1166.85 1166.85 2 2 3
909.977 1166.59 1166.59 2 2 3
910.381 1166.33 1166.33 2 2 3
910.786 1166.07 1166.07 2 2 3
911.19 1165.8 1165.8 2 2 3
911.594 1165.54 1165.54 2 2 3
911.999 1165.28 1165.28 2 2 3
912.404 1165.02 1165.02 2 2 3
912.808 1164.76 1164.76 2 2 3
913.213 1164.5 1164.5 2 2 3
913.617 1164.24 1164.24 2 2 3
914.022 1163.98 1163.98 2 2 3
914.426 1163.72 1163.72 2 2 3
914.831 1163.46 1163.46 2 2 3
915.236 1163.19 1163.19 2 2 3
915.641 1162.93 1162.93 2 2 3
916.045 1162.67 1162.67 2 2 3
916.45 1162.41 1162.41 2 2 3
916.855 1162.15 1162.15 2 2 3
917.26 1161.89 1161.89 2 2 3
917.664 1161.63 1161.63 2 2 3
918.069 1161.37 1161.37 2 2 3
918.474 1161.11 1161.11 2 2 3
918.879 1160.85 1160.85 2 2 3
919.284 1160.59 1160.59 2 2 3
919.689 1160.33 1160.33 2 2 3
920.094 1160.07 1160.07 2 2 3
920.499 1159.81 1159.81 2 2 3
920.904 1159.55 1159.55 2 2 3
921.309 1159.29 1159.29 2 2 3
921.714 1159.03 1159.03 2 2 3
922.119 1158.77 1158.77 2 2 3
922.524 1158.51 1158.51 2 2 3
922.929 1158.25 1158.25 2 2 3
923.334 1157.99 1157.99 2 2 3
923.74 1157.73 1157.73 2 2 3
924.145 1157.47 1157.47 2 2 3
924.55 1157.21 1157.21 2 2 3
924.955 1156.95 1156.95 2 2 3
925.361 1156.7 1156.7 2 2 3
925.766 1156.44 1156.44 2 2 3
926.171 1156.18 1156.18 2 2 3
926.577 1155.92 1155.92 2 2 3
926.982 1155.66 1155.66 2 2 3
927.387 1155.4 1155.4 2 2 3
927.793 1155.14 1155.14 2 2 3
928.198 1154.88 1154.88 2 2 3
928.604 1154.62 1154.62 2 2 3
929.009 1154.36 1154.36 2 2 3
929.415 1154.11 1154.11 2 2 3
929.82 1153.85 1153.85 2 2 3
930.226 1153.59 1153.59 2 2 3
930.632 1153.33 1153.33 2 2 3
931.037 1153.07 1153.07 2 2 3
931.443 1152.81 1152.81 2 2 3
931.849 1152.55 1152.55 2 2 3
932.254 1152.3 1152.3 2 2 3
932.66 1152.04 1152.04 2 2 3
933.066 1151.78 1151.78 2 2 3
933.472 1151.52 1151.52 2 2 3
933.878 1151.26 1151.26 2 2 3
934.283 1151 1151 2 2 3
934.689 1150.75 1150.75 2 2 3
935.095 1150.49 1150.49 2 2 3
935.501 1150.23 1150.23 2 2 3
935.907 1149.97 1149.97 2 2 3
936.313 1149.71 1149.71 2 2 3
936.719 1149.46 1149.46 2 2 3
937.125 1149.2 1149.2 2 2 3
937.531 1148.94 1148.94 2 2 3
937.937 1148.68 1148.68 2 2 3
938.343 1148.43 1148.43 2 2 3
938.749 1148.17 1148.17 2 2 3
939.156 1147.91 1147.91 2 2 3
939.562 1147.65 1147.65 2 2 3
939.968 1147.4 1147.4 2 2 3
940.374 1147.14 1147.14 2 2 3
940.781 1146.88 1146.88 2 2 3
941.187 1146.62 1146.62 2 2 3
941.593 1146.37 1146.37 2 2 3
942 1146.11 1146.11 2 2 3
942.406 1145.85 1145.85 2 2 3
942.812 1145.6 1145.6 2 2 3
943.219 1145.34 1145.34 2 2 3
943.625 1145.08 1145.08 2 2 3
944.032 1144.83 1144.83 2 2 3
944.438 1144.57 1144.57 2 2 3
944.845 1144.31 1144.31 2 2 3
945.251 1144.06 1144.06 2 2 3
945.658 1143.8 1143.8 2 2 3
946.065 1143.54 1143.54 2 2 3
946.471 1143.29 1143.29 2 2 3
946.878 1143.03 1143.03 2 2 3
947.285 1142.77 1142.77 2 2 3
947.692 1142.52 1142.52 2 2 3
948.098 1142.26 1142.26 2 2 3
948.505 1142 1142 2 2 3
948.912 1141.75 1141.75 2 2 3
949.319 1141.49 1141.49 2 2 3
949.726 1141.24 1141.24 2 2 3
950.133 1140.98 1140.98 2 2 3
950.54 1140.72 1140.72 2 2 3
950.947 1140.47 1140.47 2 2 3
951.354 1140.21 1140.21 2 2 3
951.761 1139.96 1139.96 2 2 3
952.168 1139.7 1139.7 2 2 3
952.575 1139.44 1139.44 2 2 3
952.982 1139.19 1139.19 2 2 3
953.389 1138.93 1138.93 2 2 3
953.796 1138.68 1138.68 2 2 3
954.204 1138.42 1138.42 2 2 3
954.611 1138.17 1138.17 2 2 3
955.018 1137.91 1137.91 2 2 3
955.425 1137.66 1137.66 2 2 3
955.833 1137.4 1137.4 2 2 3
956.24 1137.15 1137.15 2 2 3
956.647 1136.89 1136.89 2 2 3
957.055 1136.64 1136.64 2 2 3
957.462 1136.38 1136.38 2 2 3
957.87 1136.13 1136.13 2 2 3
958.277 1135.87 1135.87 2 2 3
958.685 1135.62 1135.62 2 2 3
959.092 1135.36 1135.36 2 2 3
959.5 1135.11 1135.11 2 2 3
959.908 1134.85 1134.85 2 2 3
960.315 1134.6 1134.6 2 2 3
960.723 1134.34 1134.34 2 2 3
961.131 1134.09 1134.09 2 2 3
961.539 1133.83 1133.83 2 2 3
961.946 1133.58 1133.58 2 2 3
962.354 1133.32 1133.32 2 2 3
962.762 1133.07 1133.07 2 2 3
963.17 1132.82 1132.82 2 2 3
963.578 1132.56 1132.56 2 2 3
963.986 1132.31 1132.31 2 2 3
964.394 1132.05 1132.05 2 2 3
964.802 1131.8 1131.8 2 2 3
965.21 1131.54 1131.54 2 2 3
965.618 1131.29 1131.29 2 2 3
966.026 1131.04 1131.04 2 2 3
966.434 1130.78 1130.78 2 2 3
966.842 1130.53 1130.53 2 2 3
967.251 1130.28 1130.28 2 2 3
967.659 1130.02 1130.02 2 2 3
968.067 1129.77 1129.77 2 2 3
968.475 1129.51 1129.51 2 2 3
968.884 1129.26 1129.26 2 2 3
969.292 1129.01 1129.01 2 2 3
969.7 1128.75 1128.75 2 2 3
970.109 1128.5 1128.5 2 2 3
970.517 1128.25 1128.25 2 2 3
970.926 1127.99 1127.99 2 2 3
971.334 1127.74 1127.74 2 2 3
971.743 1127.49 1127.49 2 2 3
972.152 1127.23 1127.23 2 2 3
972.56 1126.98 1126.98 2 2 3
972.969 1126.73 1126.73 2 2 3
973.378 1126.48 1126.48 2 2 3
973.786 1126.22 1126.22 2 2 3
974.195 1125.97 1125.97 2 2 3
974.604 1125.72 1125.72 2 2 3
975.013 1125.46 1125.46 2 2 3
975.421 1125.21 1125.21 2 2 3
975.83 1124.96 1124.96 2 2 3
976.239 1124.71 1124.71 2 2 3
976.648 1124.45 1124.45 2 2 3
977.057 1124.2 1124.2 2 2 3
977.466 1123.95 1123.95 2 2 3
977.875 1123.7 1123.7 2 2 3
978.284 1123.44 1123.44 2 2 3
978.694 1123.19 1123.19 2 2 3
979.103 1122.94 1122.94 2 2 3
979.512 1122.69 1122.69 2 2 3
979.921 1122.43 1122.43 2 2 3
980.33 1122.18 1122.18 2 2 3
980.74 1121.93 1121.93 2 2 3
981.149 1121.68 1121.68 2 2 3
981.558 1121.43 1121.43 2 2 3
981.968 1121.18 1121.18 2 2 3
982.377 1120.92 1120.92 2 2 3
982.787 1120.67 1120.67 2 2 3
983.196 1120.42 1120.42 2 2 3
983.606 1120.17 1120.17 2 2 3
984.015 1119.92 1119.92 2 2 3
984.425 1119.67 1119.67 2 2 3
984.835 1119.41 1119.41 2 2 3
985.244 1119.16 1119.16 2 2 3
985.654 1118.91 1118.91 2 2 3
986.064 1118.66 1118.66 2 2 3
986.473 1118.41 1118.41 2 2 3
986.883 1118.16 1118.16 2 2 3
987.293 1117.91 1117.91 2 2 3
987.703 1117.65 1117.65 2 2 3
988.113 1117.4 1117.4 2 2 3
988.523 1117.15 1117.15 2 2 3
988.933 1116.9 1116.9 2 2 3
989.343 1116.65 1116.65 2 2 3
989.753 1116.4 1116.4 2 2 3
990.163 1116.15 1116.15 2 2 3
990.573 1115.9 1115.9 2 2 3
990.983 1115.65 1115.65 2 2 3
991.394 1115.4 1115.4 2 2 3
991.804 1115.15 1115.15 2 2 3
992.214 1114.9 1114.9 2 2 3
992.625 1114.65 1114.65 2 2 3
993.035 1114.39 1114.39 2 2 3
993.445 1114.14 1114.14 2 2 3
993.856 1113.89 1113.89 2 2 3
994.266 1113.64 1113.64 2 2 3
994.677 1113.39 1113.39 2 2 3
995.087 1113.14 1113.14 2 2 3
995.498 1112.89 1112.89 2 2 3
995.908 1112.64 1112.64 2 2 3
996.319 1112.39 1112.39 2 2 3
996.73 1112.14 1112.14 2 2 3
997.14 1111.89 1111.89 2 2 3
997.551 1111.64 1111.64 2 2 3
997.962 1111.39 1111.39 2 2 3
998.373 1111.14 1111.14 2 2 3
998.784 1110.89 1110.89 2 2 3
999.195 1110.64 1110.64 2 2 3
999.606 1110.4 1110.4 2 2 3
1000.02 1110.15 1110.15 2 2 3
1000.43 1109.9 1109.9 2 2 3
1000.84 1109.65 1109.65 2 2 3
1001.25 1109.4 1109.4 2 2 3
1001.66 1109.15 1109.15 2 2 3
1002.07 1108.9 1108.9 2 2 3
1002.48 1108.65 1108.65 2 2 3
1002.89 1108.4 1108.4 2 2 3
1003.31 1108.15 1108.15 2 2 3
1003.72 1107.9 1107.9 2 2 3
1004.13 1107.65 1107.65 2 2 3
1004.54 1107.4 1107.4 2 2 3
1004.95 1107.16 1107.16 2 2 3
1005.36 1106.91 1106.91 2 2 3
1005.77 1106.66 1106.66 2 2 3
1006.19 1106.41 1106.41 2 2 3
1006.6 1106.16 1106.16 2 2 3
1007.01 1105.91 1105.91 2 2 3
1007.42 1105.66 1105.66 2 2 3
1007.83 1105.41 1105.41 2 2 3
1008.24 1105.17 1105.17 2 2 3
1008.66 1104.92 1104.92 2 2 3
1009.07 1104.67 1104.67 2 2 3
1009.48 1104.42 1104.42 2 2 3
1009.89 1104.17 1104.17 2 2 3
1010.3 1103.92 1103.92 2 2 3
1010.72 1103.68 1103.68 2 2 3
1011.13 1103.43 1103.43 2 2 3
1011.54 1103.18 1103.18 2 2 3
1011.95 1102.93 1102.93 2 2 3
1012.36 1102.68 1102.68 2 2 3
1012.78 1102.44 1102.44 2 2 3
1013.19 1102.19 1102.19 2 2 3
1013.6 1101.94 1101.94 2 2 3
1014.01 1101.69 1101.69 2 2 3
1014.43 1101.44 1101.44 2 2 3
1014.84 1101.2 1101.2 2 2 3
1015.25 1100.95 1100.95 2 2 3
1015.66 1100.7 1100.7 2 2 3
1016.08 1100.45 1100.45 2 2 3
1016.49 1100.21 1100.21 2 2 3
1016.9 1099.96 1099.96 2 2 3
1017.31 1099.71 1099.71 2 2 3
1017.73 1099.46 1099.46 2 2 3
1018.14 1099.22 1099.22 2 2 3
1018.55 1098.97 1098.97 2 2 3
1018.96 1098.72 1098.72 2 2 3
1019.38 1098.48 1098.48 2 2 3
1019.79 1098.23 1098.23 2 2 3
1020.2 1097.98 1097.98 2 2 3
1020.62 1097.73 1097.73 2 2 3
1021.03 1097.49 1097.49 2 2 3
1021.44 1097.24 1097.24 2 2 3
1021.85 1096.99 1096.99 2 2 3
1022.27 1096.75 1096.75 2 2 3
1022.68 1096.5 1096.5 2 2 3
1023.09 1096.25 1096.25 2 2 3
1023.51 1096.01 1096.01 2 2 3
1023.92 1095.76 1095.76 2 2 3
1024.33 1095.51 1095.51 2 2 3
1024.75 1095.27 1095.27 2 2 3
1025.16 1095.02 1095.02 2 2 3
1025.57 1094.78 1094.78 2 2 3
1025.99 1094.53 1094.53 2 2 3
1026.4 1094.28 1094.28 2 2 3
1026.82 1094.04 1094.04 2 2 3
1027.23 1093.79 1093.79 2 2 3
1027.64 1093.54 1093.54 2 2 3
1028.06 1093.3 1093.3 2 2 3
1028.47 1093.05 1093.05 2 2 3
1028.88 1092.81 1092.81 2 2 3
1029.3 1092.56 1092.56 2 2 3
1029.71 1092.32 1092.32 2 2 3
1030.13 1092.07 1092.07 2 2 3
1030.54 1091.82 1091.82 2 2 3
1030.95 1091.58 1091.58 2 2 3
1031.37 1091.33 1091.33 2 2 3
1031.78 1091.09 1091.09 2 2 3
1032.2 1090.84 1090.84 2 2 3
1032.61 1090.6 1090.6 2 2 3
1033.02 1090.35 1090.35 2 2 3
1033.44 1090.11 1090.11 2 2 3
1033.85 1089.86 1089.86 2 2 3
1034.27 1089.61 1089.61 2 2 3
1034.68 1089.37 1089.37 2 2 3
1035.1 1089.12 1089.12 2 2 3
1035.51 1088.88 1088.88 2 2 3
1035.93 1088.63 1088.63 2 2 3
1036.34 1088.39 1088.39 2 2 3
1036.75 1088.14 1088.14 2 2 3
1037.17 1087.9 1087.9 2 2 3
1037.58 1087.65 1087.65 2 2 3
1038 1087.41 1087.41 2 2 3
1038.41 1087.16 1087.16 2 2 3
1038.83 1086.92 1086.92 2 2 3
1039.24 1086.68 1086.68 2 2 3
1039.66 1086.43 1086.43 2 2 3
1040.07 1086.19 1086.19 2 2 3
1040.49 1085.94 1085.94 2 2 3
1040.9 1085.7 1085.7 2 2 3
1041.32 1085.45 1085.45 2 2 3
1041.73 1085.21 1085.21 2 2 3
1042.15 1084.96 1084.96 2 2 3
1042.56 1084.72 1084.72 2 2 3
1042.98 1084.48 1084.48 2 2 3
1043.4 1084.23 1084.23 2 2 3
1043.81 1083.99 1083.99 2 2 3
1044.23 1083.74 1083.74 2 2 3
1044.64 1083.5 1083.5 2 2 3
1045.06 1083.26 1083.26 2 2 3
1045.47 1083.01 1083.01 2 2 3
1045.89 1082.77 1082.77 2 2 3
1046.3 1082.52 1082.52 2 2 3
1046.72 1082.28 1082.28 2 2 3
1047.14 1082.04 1082.04 2 2 3
1047.55 1081.79 1081.79 2 2 3
1047.97 1081.55 1081.55 2 2 3
1048.38 1081.31 1081.31 2 2 3
1048.8 1081.06 1081.06 2 2 3
1049.22 1080.82 1080.82 2 2 3
1049.63 1080.58 1080.58 2 2 3
1050.05 1080.33 1080.33 2 2 3
1050.46 1080.09 1080.09 2 2 3
1050.88 1079.85 1079.85 2 2 3
1051.3 1079.6 1079.6 2 2 3
1051.71 1079.36 1079.36 2 2 3
1052.13 1079.12 1079.12 2 2 3
1052.55 1078.87 1078.87 2 2 3
1052.96 1078.63 1078.63 2 2 3
1053.38 1078.39 1078.39 2 2 3
1053.8 1078.15 1078.15 2 2 3
1054.21 1077.9 1077.9 2 2 3
1054.63 1077.66 1077.66 2 2 3
1055.04 1077.42 1077.42 2 2 3
1055.46 1077.17 1077.17 2 2 3
1055.88 1076.93 1076.93 2 2 3
1056.3 1076.69 1076.69 2 2 3
1056.71 1076.45 1076.45 2 2 3
1057.13 1076.2 1076.2 2 2 3
1057.55 1075.96 1075.96 2 2 3
1057.96 1075.72 1075.72 2 2 3
1058.38 1075.48 1075.48 2 2 3
1058.8 1075.24 1075.24 2 2 3
1059.21 1074.99 1074.99 2 2 3
1059.63 1074.75 1074.75 2 2 3
1060.05 1074.51 1074.51 2 2 3
1060.47 1074.27 1074.27 2 2 3
1060.88 1074.02 1074.02 2 2 3
1061.3 1073.78 1073.78 2 2 3
1061.72 1073.54 1073.54 2 2 3
1062.14 1073.3 1073.3 2 2 3
1062.55 1073.06 1073.06 2 2 3
1062.97 1072.82 1072.82 2 2 3
1063.39 1072.57 1072.57 2 2 3
1063.81 1072.33 1072.33 2 2 3
1064.22 1072.09 1072.09 2 2 3
1064.64 1071.85 1071.85 2 2 3
1065.06 1071.61 1071.61 2 2 3
1065.48 1071.37 1071.37 2 2 3
1065.9 1071.12 1071.12 2 2 3
1066.31 1070.88 1070.88 2 2 3
1066.73 1070.64 1070.64 2 2 3
1067.15 1070.4 1070.4 2 2 3
1067.57 1070.16 1070.16 2 2 3
1067.99 1069.92 1069.92 2 2 3
1068.41 1069.68 1069.68 2 2 3
1068.82 1069.44 1069.44 2 2 3
1069.24 1069.2 1069.2 2 2 3
1069.66 1068.95 1068.95 2 2 3
1070.08 1068.71 1068.71 2 2 3
1070.5 1068.47 1068.47 2 2 3
1070.92 1068.23 1068.23 2 2 3
1071.33 1067.99 1067.99 2 2 3
1071.75 1067.75 1067.75 2 2 3
1072.17 1067.51 1067.51 2 2 3
1072.59 1067.27 1067.27 2 2 3
1073.01 1067.03 1067.03 2 2 3
1073.43 1066.79 1066.79 2 2 3
1073.85 1066.55 1066.55 2 2 3
1074.27 1066.31 1066.31 2 2 3
1074.69 1066.07 1066.07 2 2 3
1075.1 1065.83 1065.83 2 2 3
1075.52 1065.59 1065.59 2 2 3
1075.94 1065.35 1065.35 2 2 3
1076.36 1065.11 1065.11 2 2 3
1076.78 1064.87 1064.87 2 2 3
1077.2 1064.63 1064.63 2 2 3
1077.62 1064.39 1064.39 2 2 3
1078.04 1064.15 1064.15 2 2 3
1078.46 1063.91 1063.91 2 2 3
1078.88 1063.67 1063.67 2 2 3
1079.3 1063.43 1063.43 2 2 3
1079.72 1063.19 1063.19 2 2 3
1080.14 1062.95 1062.95 2 2 3
1080.56 1062.71 1062.71 2 2 3
1080.98 1062.47 1062.47 2 2 3
1081.4 1062.23 1062.23 2 2 3
1081.82 1061.99 1061.99 2 2 3
1082.24 1061.75 1061.75 2 2 3
1082.66 1061.51 1061.51 2 2 3
1083.08 1061.27 1061.27 2 2 3
1083.5 1061.03 1061.03 2 2 3
1083.92 1060.79 1060.79 2 2 3
1084.34 1060.55 1060.55 2 2 3
1084.76 1060.31 1060.31 2 2 3
1085.18 1060.08 1060.08 2 2 3
1085.6 1059.84 1059.84 2 2 3
1086.02 1059.6 1059.6 2 2 3
1086.44 1059.36 1059.36 2 2 3
1086.86 1059.12 1059.12 2 2 3
1087.28 1058.88 1058.88 2 2 3
1087.7 1058.64 1058.64 2 2 3
1088.12 1058.4 1058.4 2 2 3
1088.54 1058.16 1058.16 2 2 3
1088.96 1057.93 1057.93 2 2 3
1089.39 1057.69 1057.69 2 2 3
1089.81 1057.45 1057.45 2 2 3
1090.23 1057.21 1057.21 2 2 3
1090.65 1056.97 1056.97 2 2 3
1091.07 1056.73 1056.73 2 2 3
1091.49 1056.5 1056.5 2 2 3
1091.91 1056.26 1056.26 2 2 3
1092.33 1056.02 1056.02 2 2 3
1092.75 1055.78 1055.78 2 2 3
1093.18 1055.54 1055.54 2 2 3
1093.6 1055.3 1055.3 2 2 3
1094.02 1055.07 1055.07 2 2 3
1094.44 1054.83 1054.83 2 2 3
1094.86 1054.59 1054.59 2 2 3
1095.28 1054.35 1054.35 2 2 3
1095.71 1054.11 1054.11 2 2 3
1096.13 1053.88 1053.88 2 2 3
1096.55 1053.64 1053.64 2 2 3
1096.97 1053.4 1053.4 2 2 3
1097.39 1053.16 1053.16 2 2 3
1097.82 1052.93 1052.93 2 2 3
1098.24 1052.69 1052.69 2 2 3
1098.66 1052.45 1052.45 2 2 3
1099.08 1052.21 1052.21 2 2 3
1099.5 1051.98 1051.98 2 2 3
1099.93 1051.74 1051.74 2 2 3
1100.35 1051.5 1051.5 2 2 3
1100.77 1051.26 1051.26 2 2 3
1101.19 1051.03 1051.03 2 2 3
1101.62 1050.79 1050.79 2 2 3
1102.04 1050.55 1050.55 2 2 3
1102.46 1050.32 1050.32 2 2 3
1102.88 1050.08 1050.08 2 2 3
1103.31 1049.84 1049.84 2 2 3
1103.73 1049.61 1049.61 2 2 3
1104.15 1049.37 1049.37 2 2 3
1104.58 1049.13 1049.13 2 2 3
1105 1048.89 1048.89 2 2 3
1105.42 1048.66 1048.66 2 2 3
1105.85 1048.42 1048.42 2 2 3
1106.27 1048.18 1048.18 2 2 3
1106.69 1047.95 1047.95 2 2 3
1107.12 1047.71 1047.71 2 2 3
1107.54 1047.48 1047.48 2 2 3
1107.96 1047.24 1047.24 2 2 3
1108.39 1047 1047 2 2 3
1108.81 1046.77 1046.77 2 2 3
1109.23 1046.53 1046.53 2 2 3
1109.66 1046.29 1046.29 2 2 3
1110.08 1046.06 1046.06 2 2 3
1110.5 1045.82 1045.82 2 2 3
1110.93 1045.59 1045.59 2 2 3
1111.35 1045.35 1045.35 2 2 3
1111.78 1045.11 1045.11 2 2 3
1112.2 1044.88 1044.88 2 2 3
1112.62 1044.64 1044.64 2 2 3
1113.05 1044.41 1044.41 2 2 3
1113.47 1044.17 1044.17 2 2 3
1113.9 1043.93 1043.93 2 2 3
1114.32 1043.7 1043.7 2 2 3
1114.75 1043.46 1043.46 2 2 3
1115.17 1043.23 1043.23 2 2 3
1115.59 1042.99 1042.99 2 2 3
1116.02 1042.76 1042.76 2 2 3
1116.44 1042.52 1042.52 2 2 3
1116.87 1042.29 1042.29 2 2 3
1117.29 1042.05 1042.05 2 2 3
1117.72 1041.82 1041.82 2 2 3
1118.14 1041.58 1041.58 2 2 3
1118.57 1041.34 1041.34 2 2 3
1118.99 1041.11 1041.11 2 2 3
1119.42 1040.87 1040.87 2 2 3
1119.84 1040.64 1040.64 2 2 3
1120.27 1040.4 1040.4 2 2 3
1120.69 1040.17 1040.17 2 2 3
1121.12 1039.93 1039.93 2 2 3
1121.54 1039.7 1039.7 2 2 3
1121.97 1039.47 1039.47 2 2 3
1122.39 1039.23 1039.23 2 2 3
1122.82 1039 1039 2 2 3
1123.25 1038.76 1038.76 2 2 3
1123.67 1038.53 1038.53 2 2 3
1124.1 1038.29 1038.29 2 2 3
1124.52 1038.06 1038.06 2 2 3
1124.95 1037.82 1037.82 2 2 3
1125.38 1037.59 1037.59 2 2 3
1125.8 1037.35 1037.35 2 2 3
1126.23 1037.12 1037.12 2 2 3
1126.65 1036.89 1036.89 2 2 3
1127.08 1036.65 1036.65 2 2 3
1127.51 1036.42 1036.42 2 2 3
1127.93 1036.18 1036.18 2 2 3
1128.36 1035.95 1035.95 2 2 3
1128.78 1035.72 1035.72 2 2 3
1129.21 1035.48 1035.48 2 2 3
1129.64 1035.25 1035.25 2 2 3
1130.06 1035.01 1035.01 2 2 3
1130.49 1034.78 1034.78 2 2 3
1130.92 1034.55 1034.55 2 2 3
1131.34 1034.31 1034.31 2 2 3
1131.77 1034.08 1034.08 2 2 3
1132.2 1033.85 1033.85 2 2 3
1132.63 1033.61 1033.61 2 2 3
1133.05 1033.38 1033.38 2 2 3
1133.48 1033.14 1033.14 2 2 3
1133.91 1032.91 1032.91 2 2 3
1134.33 1032.68 1032.68 2 2 3
1134.76 1032.44 1032.44 2 2 3
1135.19 1032.21 1032.21 2 2 3
1135.62 1031.98 1031.98 2 2 3
1136.04 1031.74 1031.74 2 2 3
1136.47 1031.51 1031.51 2 2 3
1136.9 1031.28 1031.28 2 2 3
1137.33 1031.05 1031.05 2 2 3
1137.75 1030.81 1030.81 2 2 3
1138.18 1030.58 1030.58 2 2 3
1138.61 1030.35 1030.35 2 2 3
1139.04 1030.11 1030.11 2 2 3
1139.47 1029.88 1029.88 2 2 3
1139.89 1029.65 1029.65 2 2 3
1140.32 1029.42 1029.42 2 2 3
1140.75 1029.18 1029.18 2 2 3
1141.18 1028.95 1028.95 2 2 3
1141.61 1028.72 1028.72 2 2 3
1142.04 1028.49 1028.49 2 2 3
1142.46 1028.25 1028.25 2 2 3
1142.89 1028.02 1028.02 2 2 3
1143.32 1027.79 1027.79 2 2 3
1143.75 1027.56 1027.56 2 2 3
1144.18 1027.32 1027.32 2 2 3
1144.61 1027.09 1027.09 2 2 3
1145.04 1026.86 1026.86 2 2 3
1145.47 1026.63 1026.63 2 2 3
1145.9 1026.39 1026.39 2 2 3
1146.32 1026.16 1026.16 2 2 3
1146.75 1025.93 1025.93 2 2 3
1147.18 1025.7 1025.7 2 2 3
1147.61 1025.47 1025.47 2 2 3
1148.04 1025.24 1025.24 2 2 3
1148.47 1025 1025 2 2 3
1148.9 1024.77 1024.77 2 2 3
1149.33 1024.54 1024.54 2 2 3
1149.76 1024.31 1024.31 2 2 3
1150.19 1024.08 1024.08 2 2 3
1150.62 1023.85 1023.85 2 2 3
1151.05 1023.61 1023.61 2 2 3
1151.48 1023.38 1023.38 2 2 3
1151.91 1023.15 1023.15 2 2 3
1152.34 1022.92 1022.92 2 2 3
1152.77 1022.69 1022.69 2 2 3
1153.2 1022.46 1022.46 2 2 3
1153.63 1022.23 1022.23 2 2 3
1154.06 1021.99 1021.99 2 2 3
1154.49 1021.76 1021.76 2 2 3
1154.92 1021.53 1021.53 2 2 3
1155.35 1021.3 1021.3 2 2 3
1155.78 1021.07 1021.07 2 2 3
1156.21 1020.84 1020.84 2 2 3
1156.64 1020.61 1020.61 2 2 3
1157.07 1020.38 1020.38 2 2 3
1157.51 1020.15 1020.15 2 2 3
1157.94 1019.92 1019.92 2 2 3
1158.37 1019.69 1019.69 2 2 3
1158.8 1019.46 1019.46 2 2 3
1159.23 1019.22 1019.22 2 2 3
1159.66 1018.99 1018.99 2 2 3
1160.09 1018.76 1018.76 2 2 3
1160.52 1018.53 1018.53 2 2 3
1160.96 1018.3 1018.3 2 2 3
1161.39 1018.07 1018.07 2 2 3
1161.82 1017.84 1017.84 2 2 3
1162.25 1017.61 1017.61 2 2 3
1162.68 1017.38 1017.38 2 2 3
1163.11 1017.15 1017.15 2 2 3
1163.55 1016.92 1016.92 2 2 3
1163.98 1016.69 1016.69 2 2 3
1164.41 1016.46 1016.46 2 2 3
1164.84 1016.23 1016.23 2 2 3
1165.27 1016 1016 2 2 3
1165.71 1015.77 1015.77 2 2 3
1166.14 1015.54 1015.54 2 2 3
1166.57 1015.31 1015.31 2 2 3
1167 1015.08 1015.08 2 2 3
1167.44 1014.85 1014.85 2 2 3
1167.87 1014.62 1014.62 2 2 3
1168.3 1014.39 1014.39 2 2 3
1168.73 1014.16 1014.16 2 2 3
1169.17 1013.93 1013.93 2 2 3
1169.6 1013.71 1013.71 2 2 3
1170.03 1013.48 1013.48 2 2 3
1170.47 1013.25 1013.25 2 2 3
1170.9 1013.02 1013.02 2 2 3
1171.33 1012.79 1012.79 2 2 3
1171.77 1012.56 1012.56 2 2 3
1172.2 1012.33 1012.33 2 2 3
1172.63 1012.1 1012.1 2 2 3
1173.07 1011.87 1011.87 2 2 3
1173.5 1011.64 1011.64 2 2 3
1173.93 1011.41 1011.41 2 2 3
1174.37 1011.18 1011.18 2 2 3
1174.8 1010.96 1010.96 2 2 3
1175.23 1010.73 1010.73 2 2 3
1175.67 1010.5 1010.5 2 2 3
1176.1 1010.27 1010.27 2 2 3
1176.54 1010.04 1010.04 2 2 3
1176.97 1009.81 1009.81 2 2 3
1177.41 1009.58 1009.58 2 2 3
1177.84 1009.35 1009.35 2 2 3
1178.27 1009.13 1009.13 2 2 3
1178.71 1008.9 1008.9 2 2 3
1179.14 1008.67 1008.67 2 2 3
1179.58 1008.44 1008.44 2 2 3
1180.01 1008.21 1008.21 2 2 3
1180.45 1007.98 1007.98 2 2 3
1180.88 1007.76 1007.76 2 2 3
1181.32 1007.53 1007.53 2 2 3
1181.75 1007.3 1007.3 2 2 3
1182.19 1007.07 1007.07 2 2 3
1182.62 1006.84 1006.84 2 2 3
1183.06 1006.62 1006.62 2 2 3
1183.49 1006.39 1006.39 2 2 3
1183.93 1006.16 1006.16 2 2 3
1184.36 1005.93 1005.93 2 2 3
1184.8 1005.7 1005.7 2 2 3
1185.23 1005.48 1005.48 2 2 3
1185.67 1005.25 1005.25 2 2 3
1186.11 1005.02 1005.02 2 2 3
1186.54 1004.79 1004.79 2 2 3
1186.98 1004.57 1004.57 2 2 3
1187.41 1004.34 1004.34 2 2 3
1187.85 1004.11 1004.11 2 2 3
1188.29 1003.88 1003.88 2 2 3
1188.72 1003.66 1003.66 2 2 3
1189.16 1003.43 1003.43 2 2 3
1189.59 1003.2 1003.2 2 2 3
1190.03 1002.98 1002.98 2 2 3
1190.47 1002.75 1002.75 2 2 3
1190.9 1002.52 1002.52 2 2 3
1191.34 1002.29 1002.29 2 2 3
1191.78 1002.07 1002.07 2 2 3
1192.21 1001.84 1001.84 2 2 3
1192.65 1001.61 1001.61 2 2 3
1193.09 1001.39 1001.39 2 2 3
1193.53 1001.16 1001.16 2 2 3
1193.96 1000.93 1000.93 2 2 3
1194.4 1000.71 1000.71 2 2 3
1194.84 1000.48 1000.48 2 2 3
1195.27 1000.25 1000.25 2 2 3
1195.71 1000.03 1000.03 2 2 3
1196.15 999.799 999.799 2 2 3
1196.59 999.573 999.573 2 2 3
1197.02 999.346 999.346 2 2 3
1197.46 999.12 999.12 2 2 3
1197.9 998.894 998.894 2 2 3
1198.34 998.667 998.667 2 2 3
1198.78 998.441 998.441 2 2 3
1199.21 998.215 998.215 2 2 3
1199.65 997.989 997.989 2 2 3
1200.09 997.762 997.762 2 2 3
1200.53 997.536 997.536 2 2 3
1200.97 997.31 997.31 2 2 3
1201.41 997.084 997.084 2 2 3
1201.84 996.858 996.858 2 2 3
1202.28 996.632 996.632 2 2 3
1202.72 996.407 996.407 2 2 3
1203.16 996.181 996.181 2 2 3
1203.6 995.955 995.955 2 2 3
1204.04 995.729 995.729 2 2 3
1204.48 995.504 995.504 2 2 3
1204.92 995.278 995.278 2 2 3
1205.36 995.053 995.053 2 2 3
1205.8 994.827 994.827 2 2 3
1206.24 994.602 994.602 2 2 3
1206.67 994.376 994.376 2 2 3
1207.11 994.151 994.151 2 2 3
1207.55 993.925 993.925 2 2 3
1207.99 993.7 993.7 2 2 3
1208.43 993.475 993.475 2 2 3
1208.87 993.25 993.25 2 2 3
1209.31 993.025 993.025 2 2 3
1209.75 992.799 992.799 2 2 3
1210.19 992.574 992.574 2 2 3
1210.63 992.349 992.349 2 2 3
1211.07 992.124 992.124 2 2 3
1211.51 991.9 991.9 2 2 3
1211.95 991.675 991.675 2 2 3
1212.4 991.45 991.45 2 2 3
1212.84 991.225 991.225 2 2 3
1213.28 991 991 2 2 3
1213.72 990.776 990.776 2 2 3
1214.16 990.551 990.551 2 2 3
1214.6 990.326 990.326 2 2 3
1215.04 990.102 990.102 2 2 3
1215.48 989.877 989.877 2 2 3
1215.92 989.653 989.653 2 2 3
1216.36 989.429 989.429 2 2 3
1216.81 989.204 989.204 2 2 3
1217.25 988.98 988.98 2 2 3
1217.69 988.756 988.756 2 2 3
1218.13 988.531 988.531 2 2 3
1218.57 988.307 988.307 2 2 3
1219.01 988.083 988.083 2 2 3
1219.46 987.859 987.859 2 2 3
1219.9 987.635 987.635 2 2 3
1220.34 987.411 987.411 2 2 3
1220.78 987.187 987.187 2 2 3
1221.22 986.963 986.963 2 2 3
1221.67 986.739 986.739 2 2 3
1222.11 986.516 986.516 2 2 3
1222.55 986.292 986.292 2 2 3
1222.99 986.068 986.068 2 2 3
1223.44 985.845 985.845 2 2 3
1223.88 985.621 985.621 2 2 3
1224.32 985.397 985.397 2 2 3
1224.76 985.174 985.174 2 2 3
1225.21 984.95 984.95 2 2 3
1225.65 984.727 984.727 2 2 3
1226.09 984.504 984.504 2 2 3
1226.54 984.28 984.28 2 2 3
1226.98 984.057 984.057 2 2 3
1227.42 983.834 983.834 2 2 3
1227.87 983.611 983.611 2 2 3
1228.31 983.387 983.387 2 2 3
1228.75 983.164 983.164 2 2 3
1229.2 982.941 982.941 2 2 3
1229.64 982.718 982.718 2 2 3
1230.09 982.495 982.495 2 2 3
1230.53 982.272 982.272 2 2 3
1230.97 982.049 982.049 2 2 3
1231.42 981.827 981.827 2 2 3
1231.86 981.604 981.604 2 2 3
1232.31 981.381 981.381 2 2 3
1232.75 981.158 981.158 2 2 3
1233.2 980.936 980.936 2 2 3
1233.64 980.713 980.713 2 2 3
1234.09 980.491 980.491 2 2 3
1234.53 980.268 980.268 2 2 3
1234.98 980.046 980.046 2 2 3
1235.42 979.823 979.823 2 2 3
1235.87 979.601 979.601 2 2 3
1236.31 979.379 979.379 2 2 3
1236.76 979.156 979.156 2 2 3
1237.2 978.934 978.934 2 2 3
1237.65 978.712 978.712 2 2 3
1238.09 978.49 978.49 2 2 3
1238.54 978.268 978.268 2 2 3
1238.98 978.046 978.046 2 2 3
1239.43 977.824 977.824 2 2 3
1239.88 977.602 977.602 2 2 3
1240.32 977.38 977.38 2 2 3
1240.77 977.158 977.158 2 2 3
1241.21 976.936 976.936 2 2 3
1241.66 976.714 976.714 2 2 3
1242.11 976.493 976.493 2 2 3
1242.55 976.271 976.271 2 2 3
1243 976.049 976.049 2 2 3
1243.45 975.828 975.828 2 2 3
1243.89 975.606 975.606 2 2 3
1244.34 975.385 975.385 2 2 3
1244.79 975.163 975.163 2 2 3
1245.23 974.942 974.942 2 2 3
1245.68 974.721 974.721 2 2 3
1246.13 974.499 974.499 2 2 3
1246.58 974.278 974.278 2 2 3
1247.02 974.057 974.057 2 2 3
1247.47 973.836 973.836 2 2 3
1247.92 973.614 973.614 2 2 3
1248.37 973.393 973.393 2 2 3
1248.81 973.172 973.172 2 2 3
1249.26 972.951 972.951 2 2 3
1249.71 972.73 972.73 2 2 3
1250.16 972.51 972.51 2 2 3
1250.61 972.289 972.289 2 2 3
1251.05 972.068 972.068 2 2 3
1251.5 971.847 971.847 2 2 3
1251.95 971.626 971.626 2 2 3
1252.4 971.406 971.406 2 2 3
1252.85 971.185 971.185 2 2 3
1253.3 970.965 970.965 2 2 3
1253.74 970.744 970.744 2 2 3
1254.19 970.524 970.524 2 2 3
1254.64 970.303 970.303 2 2 3
1255.09 970.083 970.083 2 2 3
1255.54 969.862 969.862 2 2 3
1255.99 969.642 969.642 2 2 3
1256.44 969.422 969.422 2 2 3
1256.89 969.202 969.202 2 2 3
1257.34 968.981 968.981 2 2 3
1257.79 968.761 968.761 2 2 3
1258.24 968.541 968.541 2 2 3
1258.69 968.321 968.321 2 2 3
1259.14 968.101 968.101 2 2 3
1259.59 967.881 967.881 2 2 3
1260.04 967.661 967.661 2 2 3
1260.49 967.442 967.442 2 2 3
1260.94 967.222 967.222 2 2 3
1261.39 967.002 967.002 2 2 3
1261.84 966.782 966.782 2 2 3
1262.29 966.563 966.563 2 2 3
1262.74 966.343 966.343 2 2 3
1263.19 966.123 966.123 2 2 3
1263.64 965.904 965.904 2 2 3
1264.09 965.684 965.684 2 2 3
1264.54 965.465 965.465 2 2 3
1264.99 965.246 965.246 2 2 3
1265.45 965.026 965.026 2 2 3
1265.9 964.807 964.807 2 2 3
1266.35 964.588 964.588 2 2 3
1266.8 964.368 964.368 2 2 3
1267.25 964.149 964.149 2 2 3
1267.7 963.93 963.93 2 2 3
1268.16 963.711 963.711 2 2 3
1268.61 963.492 963.492 2 2 3
1269.06 963.273 963.273 2 2 3
1269.51 963.054 963.054 2 2 3
1269.96 962.835 962.835 2 2 3
1270.42 962.616 962.616 2 2 3
1270.87 962.398 962.398 2 2 3
1271.32 962.179 962.179 2 2 3
1271.77 961.96 961.96 2 2 3
1272.23 961.741 961.741 2 2 3
1272.68 961.523 961.523 2 2 3
1273.13 961.304 961.304 2 2 3
1273.58 961.086 961.086 2 2 3
1274.04 960.867 960.867 2 2 3
1274.49 960.649 960.649 2 2 3
1274.94 960.43 960.43 2 2 3
1275.4 960.212 960.212 2 2 3
